-0.996678
-0.996678
-0.996678
-0.996528
-0.996678
-0.996678
-0.996000
-0.996678
-0.993103
-0.996678
-0.996678
-0.995283
-0.996678
-0.996678
-0.996678
-0.996678
-0.996678
-0.996678
-0.996678
-0.995671
-0.996678
-0.996678
-0.996678
-0.989247
-0.994475
-0.996678
-0.996678
-0.989011
-0.996678
-0.996678
-0.996678
-0.996678
-0.996678
-0.996678
-0.996678
-0.996678
-0.996678
-0.996678
-0.996678
-0.996678
-0.996678
-0.996678
-0.996678
-0.996678
-0.996678
-0.996678
-0.996678
-0.989691
-0.996678
-0.995074
-0.993421
-0.996678
-0.996678
-0.996552
-0.996678
-0.996678
-0.996678
-0.995434
-0.992366
-0.996678
-0.996678
-0.996678
-0.996678
-0.976744
-0.996678
-0.996678
-0.996678
-0.996678
-0.996678
-0.996678
-0.996678
-0.989247
-0.996678
-0.996678
-0.996678
-0.996678
-0.996678
-0.996678
-0.996678
-0.996678
-0.996678
-0.996678
-0.996678
-0.996678
-0.996678
-0.996678
-0.996678
-0.996678
-0.996678
-0.996678
-0.996678
-0.996678
-0.996678
-0.996678
-0.996678
-0.996678
-0.996678
-0.996678
-0.996678
-0.996678
-0.996678
-0.996678
-0.996678
-0.996678
-0.996678
-0.996678
-0.996678
-0.996678
-0.996678
-0.996678
