-0.996678
-0.996678
-0.995192
-0.996678
-0.975610
-0.996678
-0.996678
-0.996503
-0.975610
-0.996678
-0.995798
-0.996678
-0.996678
-0.996678
-0.996678
-0.996678
-0.996678
-0.996678
-0.990385
-0.996678
-0.996678
-0.986667
-0.996124
-0.973684
-0.996678
-0.996678
-0.996678
-0.996678
-0.988235
-0.975610
-0.996678
-0.996678
-0.996678
-0.996678
-0.994737
-0.996678
-0.996678
-0.995951
-0.980392
-0.996678
-0.996678
-0.996678
-0.985507
-0.992701
-0.996678
-0.978261
-0.996678
-0.989691
-0.976744
-0.958333
-0.980392
-0.996678
-0.987654
-0.996678
-0.994565
-0.996678
-0.996678
-0.996678
-0.995708
-0.996678
-0.996678
-0.992126
-0.996678
-0.976744
-0.996678
-0.978261
-0.996678
-0.996678
-0.996678
-0.994286
-0.996678
-0.993902
-0.986486
-0.973684
-0.996678
-0.996678
-0.996678
-0.989899
-0.996678
-0.996678
-0.994186
-0.996678
-0.996678
-0.988636
-0.996678
-0.996678
-0.996678
-0.996226
-0.980392
-0.996678
-0.996678
-0.990566
-0.985507
-0.975000
-0.996678
-0.978261
-0.996678
-0.995305
-0.995633
-0.958333
-0.980392
-0.996678
-0.996678
-0.996678
-0.975610
-0.996678
-0.994565
-0.985507
-0.976190
-0.996678
-0.996678
-0.996678
-0.996678
-0.992958
-0.995495
-0.977778
-0.996678
-0.992188
-0.995671
-0.996678
-0.996678
-0.988235
-0.994220
-0.989796
-0.996678
-0.988235
-0.996678
-0.996678
-0.996678
-0.977273
-0.996678
-0.990099
-0.996491
-0.996678
-0.996678
-0.996678
-0.994898
-0.996678
-0.980392
-0.996678
-0.996678
-0.996678
-0.996296
-0.975000
-0.996678
-0.978261
-0.996678
-0.987013
-0.976744
-0.958333
-0.980392
-0.996678
-0.986667
-0.996610
-0.976190
-0.996678
-0.996678
-0.996678
-0.996678
-0.995074
-0.996678
-0.996678
-0.996678
-0.996678
-0.996678
-0.995215
-0.996678
-0.996678
-0.996310
-0.996678
-0.996678
-0.994444
-0.996678
-0.982143
-0.996678
-0.996678
-0.996678
-0.996678
-0.989474
-0.975610
-0.995781
-0.996678
-0.996678
-0.996678
-0.994792
-0.995305
-0.996678
-0.996678
-0.995595
-0.996678
-0.994444
-0.993506
-0.985507
-0.975000
-0.996678
-0.978261
-0.996678
-0.990741
-0.976744
-0.958333
-0.980392
-0.996678
-0.996678
-0.996678
-0.996678
-0.996678
-0.996678
-0.996678
-0.996503
-0.996678
-0.996678
-0.996678
-0.995074
-0.975610
-0.996678
-0.977778
-0.996678
-0.996678
-0.996678
-0.996678
-0.995413
-0.996678
-0.996678
-0.994286
-0.996678
-0.996678
-0.996678
-0.996678
-0.994048
-0.975610
-0.992593
-0.993333
-0.996678
-0.996678
-0.994444
-0.995652
-0.996678
-0.993976
-0.980392
-0.996678
-0.996678
-0.996678
-0.989130
-0.975000
-0.996678
-0.978261
-0.996678
-0.989362
-0.976744
-0.958333
-0.980769
-0.996678
-0.986667
-0.996678
-0.996678
-0.996678
-0.994565
-0.985075
-0.975610
-0.995708
-0.996678
-0.996678
-0.996678
-0.996678
-0.996678
-0.977778
-0.996678
-0.996678
-0.988506
-0.996678
-0.996678
-0.989011
-0.996678
-0.973684
-0.996678
-0.996678
-0.996678
-0.989247
-0.996678
-0.996678
-0.996678
-0.996678
-0.996678
-0.996678
-0.993421
-0.996678
-0.996678
-0.994536
-0.980392
-0.996678
-0.996678
-0.996678
-0.994220
-0.975000
-0.996678
-0.978261
-0.996678
-0.994475
-0.976744
-0.958333
-0.980392
-0.996678
-0.992366
-0.996678
-0.975610
-0.996678
-0.996678
-0.996678
-0.996622
-0.996678
-0.993197
-0.996678
-0.996678
-0.995327
-0.996678
-0.977778
-0.996678
-0.996678
-0.990654
-0.995690
-0.996678
-0.990099
-0.996678
-0.990566
-0.996678
-0.996599
-0.996678
-0.988506
-0.996678
-0.975610
-0.996678
-0.986486
-0.996678
-0.996678
-0.988636
-0.996678
-0.996678
-0.993902
-0.980769
-0.996678
-0.996678
-0.996678
-0.986667
-0.975000
-0.996678
-0.978261
-0.996678
-0.976744
-0.977273
-0.958333
-0.980392
-0.996678
-0.992806
-0.996678
-0.975610
-0.996528
-0.989130
-0.985075
-0.975610
-0.996678
-0.995918
-0.991667
-0.996678
-0.975610
-0.996678
-0.995349
-0.996678
-0.992424
-0.996678
-0.996678
-0.996678
-0.996678
-0.996678
-0.996678
-0.996678
-0.996678
-0.996678
-0.996678
-0.996678
-0.996678
-0.996678
-0.996678
-0.996678
-0.996678
-0.996678
-0.996678
-0.996678
-0.996678
-0.996678
-0.996124
-0.996678
-0.996678
-0.993939
-0.975000
-0.996678
-0.980392
-0.996310
-0.976744
-0.977273
-0.965517
-0.980392
-0.996678
-0.992806
-0.996528
-0.975610
-0.996678
-0.987654
-0.985075
-0.975610
-0.996678
-0.996678
-0.995370
-0.996678
-0.975610
-0.996528
-0.977778
-0.996678
-0.990991
-0.994898
-0.989474
-0.996678
-0.996678
-0.996678
-0.996678
-0.996678
-0.996678
-0.996678
-0.996678
-0.996678
-0.996678
-0.996678
-0.996678
-0.996678
-0.989011
-0.992126
-0.996678
-0.996678
-0.988636
-0.980392
-0.996678
-0.996678
-0.989011
-0.989899
-0.975000
-0.996678
-0.978261
-0.996678
-0.994413
-0.976744
-0.958333
-0.980392
-0.996678
-0.990566
-0.996678
-0.975610
-0.996678
-0.996678
-0.996503
-0.976190
-0.996678
-0.996678
-0.996678
-0.996678
-0.992000
-0.996678
-0.996678
-0.987654
-0.996678
-0.994872
-0.988372
-0.995413
-0.990991
-0.994118
-0.989130
-0.987013
-0.996678
-0.996678
-0.988372
-0.996678
-0.996678
-0.996350
-0.996678
-0.996678
-0.996678
-0.994186
-0.994845
-0.988372
-0.996678
-0.996000
-0.991525
-0.993671
-0.995745
-0.986842
-0.975000
-0.995455
-0.992424
-0.993590
-0.996678
-0.979167
-0.991453
-0.996678
-0.994475
-0.991304
-0.996678
-0.975610
-0.994764
-0.995025
-0.985075
-0.975610
-0.995050
-0.986667
-0.995305
-0.994505
-0.976190
-0.990826
-0.978261
-0.995851
-0.996678
-0.988372
-0.987654
-0.991525
-0.988235
-0.996678
-0.996678
-0.996678
-0.996678
-0.996678
-0.996678
-0.996678
-0.996678
-0.988636
-0.990099
-0.993827
-0.990196
-0.996678
-0.995098
-0.996678
-0.996678
-0.996678
-0.996678
-0.996678
-0.996678
-0.996678
-0.996622
-0.996109
-0.991667
-0.987342
-0.989583
-0.992126
-0.988372
-0.996678
-0.996678
-0.996678
-0.996678
-0.996678
-0.996678
-0.996678
-0.996678
-0.996678
-0.996678
-0.996678
-0.996678
-0.996678
-0.996678
-0.996678
-0.996678
-0.996678
-0.994536
-0.993333
-0.995392
-0.996678
-0.993902
-0.996678
-0.996678
-0.996678
-0.996678
-0.996678
-0.996078
-0.988235
-0.975610
-0.991304
-0.990196
-0.995968
-0.987952
-0.987342
-0.995215
-0.987342
-0.987013
-0.996678
-0.996678
-0.996678
-0.996678
-0.996678
-0.996678
-0.996678
-0.978723
-0.995098
-0.991071
-0.992701
-0.988889
-0.991803
-0.987805
-0.996678
-0.996678
-0.996678
-0.996678
-0.996678
-0.996678
-0.996678
-0.993902
-0.986486
-0.991304
-0.991304
-0.975610
-0.992754
-0.977778
-0.987654
-0.993506
-0.987654
-0.988636
-0.996678
-0.996678
-0.993827
-0.988095
-0.994898
-0.994118
-0.995868
-0.990385
-0.987342
-0.992000
-0.987500
-0.987805
-0.993548
-0.996255
-0.996678
-0.995434
-0.993939
-0.993590
-0.992063
-0.996678
-0.996678
-0.996678
-0.996678
-0.996678
-0.996678
-0.996491
-0.986667
-0.988889
-0.996678
-0.996678
-0.996678
-0.996678
-0.996678
-0.996678
-0.996678
-0.996678
-0.996678
-0.996678
-0.996678
-0.995595
-0.993865
-0.995455
-0.994350
-0.975610
-0.993865
-0.977778
-0.990000
-0.994872
-0.990476
-0.987952
-0.992366
-0.987654
-0.986301
-0.988372
-0.996678
-0.996678
-0.996678
-0.996678
-0.996678
-0.996678
-0.996678
-0.996678
-0.996678
-0.993939
-0.986842
-0.993197
-0.993464
-0.988372
-0.996678
-0.996678
-0.996678
-0.996678
-0.985507
-0.996678
-0.996678
-0.978261
-0.995633
-0.987805
-0.976744
-0.990291
-0.992754
-0.986301
-0.994792
-0.996678
-0.994819
-0.995690
-0.987342
-0.996678
-0.995327
-0.996678
-0.986486
-0.996564
-0.996324
-0.976190
-0.996678
-0.996678
-0.996678
-0.996678
-0.994083
-0.987654
-0.996678
-0.989474
-0.989691
-0.989796
-0.987654
-0.993939
-0.996678
-0.996678
-0.996678
-0.991803
-0.988235
-0.987342
-0.993506
-0.993789
-0.993421
-0.996678
-0.996678
-0.996678
-0.996678
-0.996678
-0.996678
-0.996678
-0.990000
-0.975000
-0.990741
-0.979167
-0.986667
-0.989691
-0.976744
-0.990654
-0.992248
-0.996678
-0.996678
-0.996678
-0.996678
-0.996678
-0.996678
-0.996678
-0.996678
-0.996678
-0.994350
-0.990654
-0.993671
-0.977273
-0.996678
-0.996678
-0.996678
-0.996678
-0.996678
-0.996678
-0.996678
-0.996078
-0.988764
-0.973684
-0.990741
-0.996678
-0.996678
-0.989247
-0.996678
-0.993289
-0.987342
-0.988506
-0.993902
-0.987805
-0.993631
-0.995595
-0.995690
-0.987342
-0.980392
-0.991304
-0.987013
-0.994764
-0.985507
-0.975000
-0.995652
-0.978261
-0.996678
-0.989899
-0.976744
-0.960000
-0.990826
-0.996678
-0.986667
-0.991667
-0.976190
-0.992366
-0.994350
-0.993902
-0.976744
-0.990991
-0.987805
-0.991870
-0.996678
-0.976190
-0.996678
-0.980000
-0.987500
-0.995885
-0.988764
-0.996094
-0.996678
-0.996678
-0.996678
-0.988636
-0.986111
-0.995305
-0.993711
-0.988372
-0.988764
-0.978723
-0.986486
-0.987805
-0.996678
-0.996678
-0.996678
-0.995122
-0.986667
-0.986667
-0.996678
-0.996678
-0.996678
-0.996678
-0.996678
-0.975000
-0.990991
-0.993506
-0.987500
-0.990291
-0.993421
-0.958333
-0.980392
-0.988506
-0.987654
-0.991150
-0.975610
-0.996678
-0.994253
-0.992424
-0.975610
-0.996644
-0.994083
-0.996678
-0.996109
-0.975610
-0.996678
-0.993421
-0.996678
-0.996678
-0.996678
-0.989474
-0.993590
-0.994709
-0.988506
-0.991803
-0.987952
-0.996678
-0.996678
-0.996678
-0.996678
-0.996678
-0.996678
-0.996678
-0.996678
-0.996678
-0.996466
-0.996198
-0.986667
-0.986301
-0.992424
-0.996678
-0.996255
-0.996678
-0.996678
-0.996678
-0.996678
-0.991525
-0.994872
-0.989796
-0.979167
-0.989011
-0.991525
-0.986667
-0.996678
-0.996678
-0.995283
-0.991071
-0.988095
-0.992366
-0.975610
-0.991803
-0.987805
-0.996678
-0.996094
-0.996678
-0.996324
-0.993421
-0.995050
-0.996678
-0.989130
-0.996678
-0.994413
-0.989247
-0.989130
-0.973684
-0.996678
-0.995595
-0.996678
-0.996678
-0.987654
-0.977273
-0.988764
-0.987805
-0.993464
-0.986486
-0.996678
-0.996678
-0.996678
-0.996678
-0.996678
-0.996678
-0.996678
-0.996678
-0.996678
-0.992126
-0.996154
-0.978261
-0.996491
-0.989247
-0.979167
-0.990566
-0.991597
-0.996678
-0.996678
-0.996678
-0.996678
-0.996678
-0.996678
-0.996678
-0.996678
-0.996678
-0.996678
-0.996678
-0.996678
-0.996678
-0.996678
-0.996678
-0.996678
-0.996678
-0.996678
-0.996678
-0.996678
-0.996678
-0.996678
-0.995238
-0.996678
-0.988235
-0.996255
-0.987500
-0.989899
-0.975610
-0.988235
-0.987654
-0.996678
-0.996678
-0.996678
-0.996678
-0.996678
-0.986301
-0.991453
-0.996678
-0.996678
-0.996678
-0.996678
-0.996678
-0.994083
-0.984615
-0.994595
-0.988636
-0.992857
-0.988372
-0.996678
-0.996678
-0.996678
-0.996678
-0.996678
-0.996678
-0.996678
-0.996678
-0.996678
-0.996678
-0.996678
-0.996678
-0.996678
-0.996678
-0.995169
-0.995192
-0.996678
-0.996678
-0.996678
-0.987952
-0.993827
-0.996678
-0.989796
-0.973684
-0.995851
-0.993590
-0.996678
-0.996678
-0.996678
-0.996678
-0.993711
-0.988889
-0.993865
-0.996678
-0.996678
-0.994898
-0.994737
-0.996678
-0.996678
-0.996678
-0.996678
-0.996678
-0.992857
-0.979167
-0.996678
-0.992308
-0.986667
-0.990476
-0.979592
-0.988764
-0.996678
-0.996678
-0.996678
-0.996678
-0.996678
-0.996678
-0.994012
-0.992424
-0.975610
-0.991150
-0.986486
-0.996678
-0.996678
-0.995305
-0.993289
-0.992308
-0.996678
-0.996678
-0.996678
-0.996678
-0.996678
-0.996678
-0.996678
-0.994253
-0.988235
-0.996678
-0.996678
-0.990000
-0.996678
-0.996678
-0.996063
-0.987179
-0.996678
-0.996678
-0.996678
-0.996678
-0.986486
-0.996678
-0.996678
-0.996678
-0.996678
-0.996678
-0.996678
-0.996678
-0.996678
-0.996678
-0.996678
-0.996678
-0.996678
-0.989247
-0.991228
-0.986111
-0.996678
-0.996678
-0.996678
-0.996678
-0.996678
-0.996678
-0.996678
-0.996678
-0.996678
-0.991736
-0.992481
-0.975610
-0.996622
-0.977778
-0.991228
-0.993865
-0.989691
-0.989474
-0.996678
-0.988372
-0.996678
-0.988235
-0.988372
-0.993976
-0.996678
-0.988636
-0.994505
-0.992366
-0.996678
-0.989011
-0.993939
-0.986486
-0.993827
-0.996678
-0.996678
-0.996678
-0.996678
-0.995833
-0.993865
-0.988372
-0.992188
-0.975610
-0.988235
-0.979167
-0.986842
-0.988095
-0.995614
-0.958333
-0.996441
-0.988235
-0.992126
-0.996678
-0.976744
-0.996667
-0.986111
-0.996678
-0.996678
-0.996678
-0.996678
-0.996678
-0.996678
-0.985075
-0.992188
-0.977778
-0.995169
-0.993197
-0.988235
-0.988636
-0.996678
-0.987654
-0.990291
-0.990099
-0.987500
-0.996678
-0.995935
-0.987179
-0.987013
-0.977273
-0.996678
-0.996678
-0.996678
-0.994152
-0.996429
-0.991453
-0.986486
-0.993590
-0.996678
-0.996678
-0.996678
-0.996678
-0.996678
-0.996587
-0.988235
-0.978261
-0.995935
-0.990196
-0.977273
-0.994595
-0.991736
-0.996678
-0.996678
-0.996678
-0.996678
-0.996678
-0.996678
-0.991935
-0.976744
-0.991150
-0.996678
-0.996678
-0.991803
-0.996678
-0.996678
-0.996678
-0.996678
-0.996678
-0.996678
-0.996678
-0.992126
-0.996678
-0.993289
-0.996678
-0.996678
-0.996678
-0.996678
-0.996678
-0.996678
-0.996678
-0.987179
-0.988235
-0.993377
-0.986111
-0.985915
-0.996678
-0.987342
-0.996678
-0.996678
-0.996678
-0.996678
-0.996678
-0.990991
-0.996678
-0.996678
-0.996678
-0.996678
-0.996678
-0.996479
-0.988889
-0.996678
-0.996678
-0.996678
-0.996678
-0.993056
-0.996678
-0.996678
-0.996678
-0.996678
-0.996678
-0.996241
-0.992424
-0.996678
-0.975610
-0.996678
-0.991071
-0.988506
-0.993865
-0.994220
-0.987500
-0.990991
-0.989011
-0.985915
-0.996678
-0.996678
-0.996678
-0.996678
-0.996678
-0.988636
-0.993289
-0.989130
-0.987952
-0.993377
-0.996678
-0.996678
-0.994975
-0.996678
-0.996678
-0.996678
-0.996678
-0.996678
-0.996678
-0.996183
-0.975000
-0.989796
-0.978261
-0.994012
-0.989474
-0.976744
-0.996678
-0.991597
-0.988636
-0.996678
-0.992481
-0.977778
-0.996678
-0.996139
-0.996678
-0.975610
-0.996678
-0.996678
-0.996678
-0.996678
-0.993631
-0.996678
-0.996575
-0.996678
-0.996678
-0.996678
-0.996678
-0.996678
-0.996678
-0.996678
-0.996678
-0.996678
-0.996678
-0.996678
-0.996678
-0.996678
-0.996678
-0.989474
-0.988636
-0.994118
-0.988506
-0.985714
-0.991150
-0.986667
-0.987654
-0.996678
-0.996678
-0.996678
-0.996678
-0.996678
-0.995455
-0.993827
-0.978261
-0.987654
-0.991228
-0.996678
-0.988095
-0.996678
-0.996678
-0.996678
-0.996678
-0.996678
-0.996678
-0.996078
-0.996678
-0.996678
-0.996678
-0.996678
-0.996678
-0.996678
-0.996678
-0.996678
-0.992126
-0.987500
-0.996678
-0.990385
-0.987805
-0.991870
-0.989583
-0.989011
-0.996678
-0.996678
-0.996678
-0.996678
-0.994819
-0.987805
-0.978723
-0.994709
-0.991667
-0.995025
-0.996491
-0.996678
-0.996678
-0.996678
-0.996678
-0.992366
-0.996678
-0.995868
-0.996678
-0.996678
-0.996678
-0.996678
-0.991453
-0.996678
-0.990291
-0.991379
-0.994536
-0.991736
-0.994083
-0.991379
-0.990826
-0.977778
-0.996678
-0.995902
-0.985075
-0.977778
-0.996678
-0.987013
-0.990909
-0.996678
-0.983051
-0.996678
-0.991228
-0.996678
-0.996678
-0.996678
-0.996678
-0.995575
-0.996169
-0.996540
-0.990000
-0.985714
-0.996678
-0.996678
-0.996678
-0.987342
-0.992537
-0.986486
-0.996516
-0.996678
-0.996678
-0.996678
-0.995349
-0.996678
-0.996678
-0.996678
-0.991597
-0.987952
-0.996678
-0.996678
-0.992126
-0.996678
-0.996678
-0.996678
-0.979592
-0.996678
-0.996678
-0.996678
-0.996678
-0.996678
-0.996678
-0.996678
-0.996678
-0.996678
-0.996678
-0.996678
-0.996678
-0.996678
-0.996678
-0.996678
-0.996678
-0.996678
-0.996678
-0.994152
-0.996678
-0.996678
-0.996678
-0.996678
-0.996678
-0.996678
-0.996678
-0.996678
-0.994475
-0.996678
-0.996678
-0.996678
-0.996678
-0.996678
-0.996678
-0.996678
-0.994565
-0.996678
-0.996678
-0.996678
-0.996678
-0.996678
-0.996678
-0.996678
-0.996678
-0.996678
-0.996678
-0.996678
-0.996678
-0.996678
-0.996678
-0.996678
-0.996678
-0.996678
-0.996678
-0.996678
-0.996678
-0.996678
-0.996678
-0.996678
-0.996678
-0.996678
-0.996678
-0.996678
-0.996678
-0.996678
-0.996678
-0.996678
-0.996678
-0.996678
-0.996678
-0.996678
-0.996678
-0.996678
-0.996678
-0.996678
-0.996678
-0.996678
-0.996678
-0.996678
-0.990385
-0.989247
-0.996678
-0.996678
-0.996678
-0.996678
-0.996678
-0.996678
-0.996678
-0.996678
-0.996678
-0.996678
-0.996678
-0.996678
-0.996678
-0.996678
-0.996678
-0.996678
-0.996678
-0.996678
-0.976744
-0.996678
-0.996678
-0.996678
-0.996678
-0.996678
-0.996678
-0.995984
-0.996678
-0.995951
-0.992063
-0.976744
-0.996678
-0.996678
-0.996678
-0.996678
-0.996678
-0.996678
-0.996678
-0.996678
-0.996678
-0.996678
-0.996678
-0.996678
-0.996678
-0.996678
-0.996678
-0.996678
-0.996678
-0.996678
-0.996678
-0.989899
-0.979592
-0.989130
-0.994975
-0.996678
-0.996678
-0.996678
-0.996678
-0.996678
-0.996678
-0.996678
-0.996678
-0.996678
-0.996678
-0.996678
-0.996678
-0.996678
-0.996678
-0.996678
-0.996678
-0.996678
-0.996678
-0.996678
-0.996678
-0.996678
-0.996678
-0.996678
-0.996678
-0.996678
-0.996678
-0.996678
-0.996678
-0.996678
-0.996678
-0.996678
-0.996678
-0.996678
-0.996678
-0.996678
-0.996678
-0.996678
-0.996678
-0.996678
-0.996678
-0.996678
-0.996678
-0.996678
-0.996678
-0.996678
-0.996678
-0.996678
-0.996678
-0.996678
-0.996678
-0.996678
-0.996678
-0.996678
-0.996678
-0.996678
-0.996678
-0.996678
-0.996678
-0.996678
-0.996678
-0.996678
-0.996678
-0.996678
-0.996678
-0.996678
-0.996678
-0.996678
-0.996678
-0.996678
-0.996678
-0.996678
-0.996678
-0.996678
-0.996678
-0.996678
-0.996678
-0.996678
-0.996678
-0.996678
-0.996678
-0.996678
-0.996678
-0.996678
-0.996678
-0.996678
-0.996678
-0.996678
-0.996678
-0.996678
-0.996678
-0.996678
-0.996678
-0.996678
-0.996678
-0.996678
-0.996678
-0.996678
-0.996678
-0.996678
-0.996678
-0.996678
-0.996678
-0.996678
-0.996678
-0.996678
-0.996678
-0.996678
-0.996678
-0.996678
-0.996198
-0.996678
-0.996678
-0.996678
-0.996678
-0.996678
-0.996678
-0.996678
-0.996678
-0.996678
-0.996678
-0.996678
-0.996678
-0.996678
-0.996678
-0.996678
-0.996678
-0.996678
-0.996678
-0.996678
-0.996678
-0.996678
-0.996678
-0.996678
-0.996678
-0.996678
-0.996678
-0.996678
-0.996678
-0.996678
-0.996678
-0.996678
-0.996678
-0.996678
-0.996678
-0.996678
-0.996678
-0.996678
-0.996678
-0.996678
-0.996678
-0.996678
-0.989583
-0.996310
-0.996678
-0.996678
-0.996678
-0.996678
-0.996678
-0.996678
-0.996678
-0.996678
-0.996678
-0.996678
-0.996678
-0.996678
-0.996678
-0.996678
-0.996678
-0.996678
-0.996678
-0.996678
-0.996678
-0.996678
-0.996678
-0.996678
-0.996678
-0.996678
-0.996678
-0.996678
-0.996678
-0.996678
-0.996678
-0.995745
-0.993243
-0.989899
-0.996678
-0.996678
-0.996678
-0.996678
-0.996678
-0.996678
-0.996678
-0.996678
-0.996678
-0.996678
-0.996678
-0.996678
-0.996678
-0.996678
-0.996678
-0.996678
-0.996678
-0.996678
-0.996678
-0.996678
-0.996678
-0.996678
-0.996678
-0.996678
-0.996678
-0.996678
-0.996678
-0.996678
-0.995283
-0.993827
-0.976744
-0.996678
-0.958333
-0.996678
-0.996678
-0.996678
-0.996678
-0.996678
-0.996678
-0.996678
-0.996678
-0.991597
-0.996678
-0.996678
-0.996678
-0.996678
-0.996063
-0.996678
-0.995536
-0.994118
-0.996678
-0.996678
-0.996678
-0.996678
-0.996678
-0.996678
-0.994444
-0.986842
-0.996678
-0.996678
-0.996678
-0.996678
-0.991870
-0.987654
-0.987654
-0.996678
-0.996678
-0.996678
-0.996678
-0.996678
-0.996678
-0.996678
-0.996678
-0.996678
-0.996678
-0.996678
-0.996678
-0.996678
-0.996678
-0.996678
-0.996678
-0.996678
-0.996678
-0.995935
-0.988235
-0.993464
-0.996678
-0.996678
-0.996678
-0.996678
-0.991071
-0.977273
-0.990991
-0.989247
-0.996678
-0.996678
-0.992424
-0.996678
-0.996678
-0.996678
-0.996678
-0.996678
-0.996678
-0.996678
-0.996678
-0.996678
-0.996678
-0.996678
-0.996678
-0.996678
-0.996678
-0.996678
-0.996678
-0.996678
-0.996678
-0.996678
-0.996678
-0.996678
-0.996678
-0.996678
-0.996678
-0.996678
-0.996678
-0.996678
-0.996678
-0.986667
-0.996678
-0.996678
-0.996678
-0.987654
-0.988095
-0.977778
-0.988889
-0.996678
-0.996678
-0.995575
-0.996678
-0.996678
-0.996678
-0.994012
-0.996678
-0.996678
-0.996678
-0.996678
-0.996678
-0.996678
-0.976190
-0.996678
-0.996678
-0.994152
-0.994350
-0.996678
-0.996678
-0.996678
-0.994012
-0.988889
-0.996678
-0.996678
-0.996678
-0.996678
-0.987952
-0.988372
-0.996678
-0.996678
-0.996678
-0.996678
-0.996678
-0.996678
-0.996678
-0.996310
-0.996678
-0.996678
-0.996678
-0.987342
-0.996678
-0.985507
-0.996678
-0.996678
-0.996678
-0.996678
-0.978261
-0.996678
-0.958333
-0.996678
-0.996678
-0.996678
-0.996678
-0.975610
-0.993631
-0.996678
-0.996678
-0.996678
-0.996377
-0.996678
-0.996678
-0.996678
-0.996678
-0.996678
-0.996678
-0.996678
-0.995745
-0.988372
-0.988889
-0.996678
-0.996678
-0.996678
-0.996678
-0.996678
-0.996678
-0.996678
-0.996678
-0.996678
-0.996678
-0.996678
-0.996678
-0.996678
-0.996678
-0.996678
-0.996678
-0.996678
-0.996678
-0.996678
-0.996678
-0.996678
-0.996678
-0.996678
-0.996678
-0.996678
-0.996678
-0.996678
-0.996678
-0.996678
-0.996678
-0.996678
-0.996678
-0.996678
-0.996678
-0.996678
-0.996678
-0.996678
-0.996678
-0.996678
-0.996678
-0.996678
-0.996678
-0.996678
-0.996678
-0.996678
-0.996678
-0.996678
-0.996678
-0.996678
-0.996678
-0.996678
-0.996678
-0.996678
-0.996678
-0.996678
-0.996678
-0.996678
-0.996678
-0.996678
-0.996678
-0.996678
-0.996678
-0.996678
-0.996678
-0.996678
-0.996678
-0.996678
-0.996678
-0.996678
-0.996678
-0.996678
-0.996678
-0.996678
-0.996678
-0.996678
-0.996678
-0.996678
-0.996678
-0.996678
-0.996678
-0.996678
-0.996678
-0.996678
-0.996678
-0.996678
-0.996678
-0.996678
-0.996678
-0.996678
-0.996678
-0.996678
-0.996678
-0.996678
-0.996678
-0.996678
-0.996678
-0.996678
-0.996678
-0.996678
-0.996678
-0.996678
-0.996678
-0.996678
-0.996678
-0.996678
-0.996678
-0.996678
-0.996678
-0.996678
-0.996678
-0.996678
-0.996678
-0.996678
-0.996678
-0.996678
-0.996678
-0.996678
-0.996678
-0.996678
-0.996678
-0.996678
-0.996678
-0.996678
-0.996678
-0.996678
-0.996678
-0.996678
-0.996678
-0.996678
-0.996678
-0.996678
-0.996678
-0.996678
-0.996678
-0.996678
-0.996678
-0.996678
-0.996678
-0.996678
-0.996678
-0.996678
-0.996678
-0.996678
-0.996678
-0.996678
-0.996678
-0.996678
-0.996678
-0.996678
-0.996678
-0.996678
-0.996678
-0.996678
-0.996678
-0.996678
-0.996678
-0.996678
-0.996678
-0.996678
-0.996678
-0.996678
-0.996678
-0.996678
-0.996678
-0.996678
-0.996678
-0.996678
-0.996678
-0.996678
-0.996678
-0.996678
-0.996678
-0.996678
-0.996678
-0.996678
-0.996678
-0.996678
-0.996678
-0.996678
-0.996678
-0.996678
-0.996678
-0.996678
-0.996678
-0.996678
-0.996678
-0.996678
-0.996678
-0.996678
-0.996678
-0.996678
-0.996678
-0.996678
-0.996678
-0.996678
-0.996678
-0.996678
-0.996678
-0.996678
-0.996678
-0.996678
-0.996678
-0.996678
-0.996678
-0.996678
-0.996678
-0.996678
-0.996678
-0.996678
-0.996678
-0.996678
-0.996678
-0.996678
-0.996678
-0.996678
-0.996678
-0.996678
-0.996678
-0.996678
-0.996678
-0.996678
-0.996678
-0.996678
-0.996678
-0.996678
-0.996678
-0.996678
-0.996678
-0.996678
-0.996678
-0.996678
-0.996678
-0.996678
-0.996678
-0.996678
-0.996678
-0.996678
-0.996678
-0.996678
-0.996678
-0.996678
-0.996678
-0.996678
-0.996678
-0.996678
-0.996678
-0.996678
-0.996678
-0.996678
-0.996678
-0.996678
-0.996678
-0.996678
-0.996678
-0.996678
-0.996678
-0.996678
-0.996678
-0.996678
-0.996678
-0.996678
-0.996678
-0.996678
-0.996678
-0.996678
-0.996678
-0.996678
-0.996678
-0.996678
-0.996678
-0.996678
-0.996678
-0.996678
-0.996678
-0.996678
-0.996678
-0.996678
-0.996678
-0.996678
-0.996678
-0.996678
-0.996678
-0.996678
-0.996678
-0.996678
-0.996678
-0.996678
-0.996678
-0.996678
-0.996678
-0.996678
-0.996678
-0.996678
-0.996678
-0.996678
-0.996678
-0.996678
-0.996678
-0.996678
-0.996678
-0.996678
-0.996678
-0.996678
-0.996678
-0.996678
-0.996678
-0.996678
-0.996678
-0.996678
-0.996678
-0.996678
-0.996678
-0.996678
-0.996678
-0.996678
-0.996678
-0.996678
-0.996678
-0.996678
-0.996678
-0.996678
-0.996678
-0.996678
-0.996678
-0.996678
-0.996678
-0.996678
-0.996678
-0.996678
-0.996678
-0.996678
-0.996678
-0.996678
-0.996678
-0.996678
-0.996678
-0.996678
-0.996678
-0.996678
-0.996678
-0.996678
-0.996678
-0.996678
-0.996678
-0.996678
-0.996678
-0.996678
-0.996678
-0.996678
-0.996678
-0.996678
-0.996678
-0.996678
-0.996678
-0.996678
-0.996678
-0.996678
-0.996678
-0.996678
-0.996678
-0.996678
-0.996678
-0.996678
-0.996678
-0.996678
-0.996678
-0.996678
-0.996678
-0.996678
-0.996678
-0.996678
-0.996678
-0.996678
-0.996678
-0.996678
-0.996678
-0.996678
-0.996678
-0.996678
-0.996678
-0.996678
-0.996678
-0.996678
-0.996678
-0.996678
-0.996678
-0.996678
-0.996678
-0.996678
-0.996678
-0.996678
-0.996678
-0.996678
-0.996678
-0.996678
-0.996678
-0.996678
-0.996678
-0.996678
-0.996678
-0.996678
-0.996678
-0.996678
-0.996678
-0.996678
-0.996678
-0.996678
-0.996678
-0.996678
-0.996678
-0.996678
-0.996678
-0.996678
-0.996678
-0.996678
-0.996678
-0.996678
-0.996678
-0.996678
-0.996678
-0.996678
-0.996678
-0.996678
-0.996678
-0.996678
-0.996678
-0.996678
-0.996678
-0.996678
-0.996678
-0.996678
-0.996678
-0.996678
-0.996678
-0.996678
-0.996678
-0.996678
-0.996678
-0.996678
-0.996678
-0.996678
-0.996678
-0.996678
-0.996678
-0.996678
-0.996678
-0.996678
-0.996678
-0.996678
-0.996678
-0.996678
-0.996678
-0.996678
-0.996678
-0.996678
-0.996678
-0.996678
-0.996678
-0.996678
-0.996678
-0.996678
-0.996678
-0.996678
-0.996678
-0.996678
-0.996678
-0.996678
-0.996678
-0.996678
-0.996678
-0.996678
-0.996678
-0.996678
-0.996678
-0.996678
-0.996678
-0.996678
-0.996678
-0.996678
-0.996678
-0.996678
-0.996678
-0.996678
-0.996678
-0.996678
-0.996678
-0.996678
-0.996678
-0.996678
-0.996678
-0.996678
-0.996678
-0.996678
-0.996678
-0.996678
-0.996678
-0.996678
-0.996678
-0.996678
-0.996678
-0.996678
-0.996678
-0.996678
-0.996678
-0.996678
-0.996678
-0.996678
-0.996678
-0.996678
-0.996678
-0.996678
-0.996678
-0.996678
-0.996678
-0.996678
-0.996678
-0.996678
-0.996678
-0.996678
-0.996678
-0.996678
-0.996678
-0.996678
-0.996678
-0.996678
-0.996678
-0.996678
-0.996678
-0.996678
-0.996678
-0.996678
-0.996678
-0.996678
-0.996678
-0.996678
-0.996678
-0.996678
-0.996678
-0.996678
-0.996678
-0.996678
-0.996678
-0.996678
-0.996678
-0.996678
-0.996678
-0.996678
-0.996678
-0.996678
-0.996678
-0.996678
-0.996678
-0.996678
-0.996678
-0.996678
-0.996678
-0.996678
-0.996678
-0.996678
-0.996678
-0.996678
-0.996678
-0.996678
-0.996678
-0.996678
-0.996678
-0.996678
-0.996678
-0.996678
-0.996678
-0.996678
-0.996678
-0.996678
-0.996678
-0.996678
-0.996678
-0.996678
-0.996678
-0.996678
-0.996678
-0.996678
-0.996678
-0.996678
-0.996678
-0.996678
-0.996678
-0.996678
-0.996678
-0.996678
-0.996678
-0.996678
-0.996678
-0.996678
-0.996678
-0.996678
-0.996678
-0.996678
-0.996678
-0.996678
-0.996678
-0.996678
-0.996678
-0.996678
-0.996678
-0.996678
-0.996678
-0.996678
-0.996678
-0.996678
-0.996678
-0.996678
-0.996678
-0.996678
-0.996678
-0.996678
-0.996678
-0.996678
-0.996678
-0.996678
-0.996678
-0.996678
-0.996678
-0.996678
-0.996678
-0.996678
-0.996678
-0.996678
-0.996678
-0.996678
-0.996678
-0.996678
-0.996678
-0.996678
-0.996678
-0.996678
-0.996678
-0.996678
-0.996678
-0.996678
-0.996678
-0.996678
-0.996678
-0.996678
-0.996678
-0.996678
-0.996678
-0.996678
-0.996678
-0.996678
-0.996678
-0.996678
-0.996678
-0.996678
-0.996678
-0.996678
-0.996678
-0.996678
-0.996678
-0.996678
-0.996678
-0.996678
-0.996678
-0.996678
-0.996678
-0.996678
-0.996678
-0.996678
-0.996678
-0.996678
-0.996678
-0.996678
-0.996678
-0.996678
-0.996678
-0.996678
-0.996678
-0.996678
-0.996678
-0.996678
-0.996678
-0.996678
-0.996678
-0.996678
-0.996678
-0.996678
-0.996678
-0.996678
-0.996678
-0.996678
-0.996678
-0.996678
-0.996678
-0.996678
-0.996678
-0.996678
-0.996678
-0.996678
-0.996678
-0.996678
-0.996678
-0.996678
-0.996678
-0.996678
-0.996678
-0.996678
-0.996678
-0.996678
-0.996678
-0.996678
-0.996678
-0.996678
-0.996678
-0.996678
-0.996678
-0.996678
-0.996678
-0.996678
-0.996678
-0.996678
-0.996678
-0.996678
-0.996678
-0.996678
-0.996678
-0.996678
-0.996678
-0.996678
-0.996678
-0.996678
-0.996678
-0.996678
-0.996678
-0.996678
-0.996678
-0.996678
-0.996678
-0.996678
-0.996678
-0.996678
-0.996678
-0.996678
-0.996678
-0.996678
-0.996678
-0.996678
-0.996678
-0.996678
-0.996678
-0.996678
-0.996678
-0.996678
-0.996678
-0.996678
-0.996678
-0.996678
-0.996678
-0.996678
-0.996678
-0.996678
-0.996678
-0.996678
-0.996678
-0.996678
-0.996678
-0.996678
-0.996678
-0.996678
-0.996678
-0.996678
-0.996678
-0.996678
-0.996678
-0.996678
-0.996678
-0.996678
-0.996678
-0.996678
-0.996678
-0.996678
-0.996678
-0.996678
-0.996678
-0.996678
-0.996678
-0.996678
-0.996678
-0.996678
-0.996678
-0.996678
-0.996678
-0.996678
-0.996678
-0.996678
-0.996678
-0.996678
-0.996678
-0.996678
-0.996678
-0.996678
-0.996678
-0.996678
-0.996678
-0.996678
-0.996678
-0.996678
-0.996678
-0.996678
-0.996678
-0.996678
-0.996678
-0.996678
-0.996678
-0.996678
-0.996678
-0.996678
-0.996678
-0.996678
-0.996678
-0.996678
-0.996678
-0.996678
-0.996678
-0.996678
-0.996678
-0.996678
-0.996678
-0.996678
-0.996678
-0.996678
-0.996678
-0.996678
-0.996678
-0.996678
-0.996678
-0.996678
-0.996678
-0.996678
-0.996678
-0.996678
-0.996678
-0.996678
-0.996678
-0.996678
-0.996678
-0.996678
-0.996678
-0.996678
-0.996678
-0.996678
-0.996678
-0.996678
-0.996678
-0.996678
-0.996678
-0.996678
-0.996678
-0.996678
-0.996678
-0.996678
-0.996678
-0.996678
-0.996678
-0.996678
-0.996678
-0.996678
-0.996678
-0.996678
-0.996678
-0.996678
-0.996678
-0.996678
-0.996678
-0.996678
-0.996678
-0.996678
-0.996678
-0.996678
-0.996678
-0.996678
-0.996678
-0.996678
-0.996678
-0.996678
-0.996678
-0.996678
-0.996678
-0.996678
-0.996678
-0.996678
-0.996678
-0.996678
-0.996678
-0.996678
-0.996678
-0.996678
-0.996678
-0.996678
-0.996678
-0.996678
-0.996678
-0.996678
-0.996678
-0.996678
-0.996678
-0.996678
-0.996678
-0.996678
-0.996678
-0.996678
-0.996678
-0.996678
-0.996678
-0.996678
-0.996678
-0.996678
-0.996678
-0.996678
-0.996678
-0.996678
-0.996678
-0.996678
-0.996678
-0.996678
-0.996678
-0.996678
-0.996678
-0.996678
-0.996678
-0.996678
-0.996678
-0.996678
-0.996678
-0.996678
-0.996678
-0.996678
-0.996678
-0.996678
-0.996678
-0.996678
-0.996678
-0.996678
-0.996678
-0.996678
-0.996678
-0.996678
-0.996678
-0.996678
-0.996678
-0.996678
-0.996678
-0.996678
-0.996678
-0.996678
-0.996678
-0.996678
-0.996678
-0.996678
-0.996678
-0.996678
-0.996678
-0.996678
-0.996678
-0.996678
-0.996678
-0.996678
-0.996678
-0.996678
-0.996678
-0.996678
-0.996678
-0.996678
-0.996678
-0.996678
-0.996678
-0.996678
-0.996678
-0.996678
-0.996678
-0.996678
-0.996678
-0.996678
-0.996678
-0.996678
-0.996678
-0.996678
-0.996678
-0.996678
-0.996678
-0.996678
-0.996678
-0.996678
-0.996678
-0.996678
-0.996678
-0.996678
-0.996678
-0.996678
-0.996678
-0.996678
-0.996678
-0.996678
-0.996678
-0.996678
-0.996678
-0.996678
-0.996678
-0.996678
-0.996678
-0.996678
-0.996678
-0.996678
-0.996678
-0.996678
-0.996678
-0.996678
-0.996678
-0.996678
-0.996678
-0.996678
-0.996678
-0.996678
-0.996678
-0.996678
-0.996678
-0.996678
-0.996678
-0.996678
-0.996678
-0.996678
-0.996678
