-0.996678
-0.996310
-0.996678
-0.996678
-0.996678
-0.996678
-0.989011
-0.995392
-0.982143
-0.996678
-0.996678
-0.996678
-0.996678
-0.992806
-0.996678
-0.996633
-0.996678
-0.996678
-0.994872
-0.996678
-0.996678
-0.989011
-0.996678
-0.996678
-0.996678
-0.996678
-0.996678
-0.996678
-0.996678
-0.996678
-0.992000
-0.996678
-0.996678
-0.996390
-0.994924
-0.996678
-0.996678
-0.996678
-0.996678
-0.996678
-0.996678
-0.996678
-0.996678
-0.996241
-0.996678
-0.995595
-0.996678
-0.996678
-0.996678
-0.996678
-0.996678
-0.996678
-0.996678
-0.996678
-0.979167
-0.996678
-0.996678
-0.996678
-0.996678
-0.996678
-0.996678
-0.996678
-0.996678
-0.983051
-0.996678
-0.996678
-0.996678
-0.996678
-0.996678
-0.996678
-0.996678
-0.996678
-0.989130
-0.991150
-0.990991
-0.996678
-0.996678
-0.989583
-0.994792
-0.996678
-0.996678
-0.996678
-0.996678
-0.989130
-0.996678
-0.996678
-0.996678
-0.996678
-0.981481
-0.996678
-0.996678
-0.996678
-0.996678
-0.996678
-0.993976
-0.996678
-0.996678
-0.988889
-0.996678
-0.996678
-0.996678
-0.988095
-0.996678
-0.996678
-0.995536
-0.996678
-0.996678
-0.996678
-0.996154
-0.996678
-0.996416
-0.996678
-0.996678
-0.978723
-0.996678
-0.996678
-0.996678
-0.996678
-0.996678
-0.996678
-0.996678
-0.996678
-0.996678
-0.973684
-0.996678
-0.996678
-0.996678
-0.989011
-0.990476
-0.982759
-0.991453
-0.989247
-0.996678
-0.996678
-0.996678
-0.996678
-0.995902
-0.996678
-0.996678
-0.996678
-0.996678
-0.996678
-0.996678
-0.995708
-0.996678
-0.992593
-0.996678
-0.989362
-0.985915
-0.960000
-0.996678
-0.995951
-0.996678
-0.996678
-0.996678
-0.996678
-0.994819
-0.994152
-0.995833
-0.996678
-0.996678
-0.995050
-0.996678
-0.996644
-0.996678
-0.985075
-0.996678
-0.996678
-0.996678
-0.996678
-0.996678
-0.996678
-0.996678
-0.996678
-0.996667
-0.996678
-0.996678
-0.996678
-0.989474
-0.996678
-0.996678
-0.996678
-0.996678
-0.988506
-0.989583
-0.996678
-0.996678
-0.996678
-0.996678
-0.996678
-0.996678
-0.996678
-0.996678
-0.980769
-0.996678
-0.996678
-0.996678
-0.996678
-0.996678
-0.996678
-0.996678
-0.996678
-0.996678
-0.996678
-0.976744
-0.996678
-0.996678
-0.996678
-0.996678
-0.996678
-0.996678
-0.996678
-0.996678
-0.996678
-0.996678
-0.992481
-0.996678
-0.996678
-0.996678
-0.996678
-0.996678
-0.996678
-0.996678
-0.996678
-0.996678
-0.996678
-0.996678
-0.996678
-0.989247
-0.996183
-0.996678
-0.996678
-0.996678
-0.996678
-0.996678
-0.996678
-0.996678
-0.996678
-0.996678
-0.996678
-0.996678
-0.996678
-0.991597
-0.975610
-0.996678
-0.996678
-0.996678
-0.996678
-0.996678
-0.996678
-0.996678
-0.996678
-0.996678
-0.996678
-0.996678
-0.996678
-0.992308
-0.996678
-0.996599
-0.996678
-0.996678
-0.996678
-0.996678
-0.995261
-0.996678
-0.996678
-0.996678
-0.996678
-0.989130
-0.996678
-0.996678
-0.996678
-0.996678
-0.996587
-0.996678
-0.996678
-0.996678
-0.996678
-0.996678
-0.996678
-0.991071
-0.996575
-0.996678
-0.996678
-0.996678
-0.996678
-0.996678
-0.996678
-0.996678
-0.996678
-0.996678
-0.996678
-0.996678
-0.996678
-0.996678
-0.996678
-0.996678
-0.996678
-0.996678
-0.958333
-0.996678
-0.996678
-0.996678
-0.996678
-0.996678
-0.996678
-0.996678
-0.996678
-0.996678
-0.996678
-0.996678
-0.996678
-0.996678
-0.996678
-0.996678
-0.996678
-0.996678
-0.996678
-0.996678
-0.996678
-0.996678
-0.996678
-0.996678
-0.996678
-0.996678
-0.996678
-0.996678
-0.996678
-0.996678
-0.996678
-0.996678
-0.996678
-0.996678
-0.996678
-0.996678
-0.996678
-0.993865
-0.988235
-0.996678
-0.996678
-0.996678
-0.996678
-0.996678
-0.995238
-0.996678
-0.996678
-0.996678
-0.996678
-0.996678
-0.996678
-0.996678
-0.996678
-0.996678
-0.996678
-0.996678
-0.996678
-0.996678
-0.996678
-0.996678
-0.996678
-0.996154
-0.996678
-0.996678
-0.996678
-0.996678
-0.996678
-0.996678
-0.996678
-0.996678
-0.996678
-0.996678
-0.996466
-0.996678
-0.996678
-0.996678
-0.996678
-0.996678
-0.996678
-0.996678
-0.975610
-0.996678
-0.996678
-0.996678
-0.996678
-0.996678
-0.996678
-0.996678
-0.996678
-0.996678
-0.996678
-0.996678
-0.996678
-0.996678
-0.996678
-0.996678
-0.996678
-0.996678
-0.989247
-0.996310
-0.996678
-0.996678
-0.996678
-0.996678
-0.996678
-0.996678
-0.996678
-0.996678
-0.996678
-0.996678
-0.995