-0.021277
-0.019608
-0.019231
-0.027027
-0.033333
-0.015873
-0.019231
-0.027778
-0.034483
0.037037
-0.025000
-0.025000
-0.032258
-0.019608
-0.019231
-0.022727
-0.025641
-0.027778
-0.033333
-0.026316
-0.033333
-0.024390
-0.029412
0.029412
-0.038462
-0.023810
0.035714
0.031250
-0.035714
-0.028571
-0.025641
-0.027778
-0.027778
-0.023810
-0.038462
-0.025641
-0.030303
-0.030303
-0.021739
-0.022727
-0.030303
-0.041667
-0.032258
0.035714
-0.034483
-0.028571
-0.033333
-0.030303
-0.023810
-0.022727
-0.021739
-0.023810
-0.020000
-0.017544
-0.018868
-0.022222
-0.025000
-0.031250
-0.030303
-0.025641
-0.024390
-0.029412
-0.019231
-0.031250
-0.029412
0.038462
-0.027027
-0.023256
-0.023810
-0.037037
-0.029412
-0.021739
-0.027778
-0.022727
-0.025000
-0.028571
-0.031250
0.031250
-0.029412
0.029412
-0.029412
-0.032258
-0.030303
-0.023810
-0.026316
-0.017544
-0.016949
-0.016129
-0.023810
-0.027027
-0.031250
-0.025000
-0.028571
-0.020833
-0.025000
-0.028571
-0.030303
-0.014925
-0.022727
-0.011628
