-0.996678
-0.996678
-0.995918
-0.994350
-0.995763
-0.996047
-0.996678
-0.996678
-0.996678
-0.992424
-0.996678
-0.996678
-0.996678
-0.996678
-0.996678
-0.996678
-0.996678
-0.996678
-0.993789
-0.996678
-0.996678
-0.996678
-0.988889
-0.996678
-0.994048
-0.996678
-0.993671
-0.996678
-0.996678
-0.991379
-0.996678
-0.989362
-0.996678
-0.990291
-0.988235
-0.995536
-0.987013
-0.993789
-0.995708
-0.996678
-0.987013
-0.995968
-0.994898
-0.975000
-0.996678
-0.996678
-0.996678
-0.989130
-0.993377
-0.958333
-0.996678
-0.993976
-0.996063
-0.994118
-0.995495
-0.995868
-0.994318
-0.995868
-0.975610
-0.995614
-0.996678
-0.996678
-0.996552
-0.975610
-0.994975
-0.996678
-0.996678
-0.996678
-0.996678
-0.996441
-0.996678
-0.996678
-0.996678
-0.994505
-0.986667
-0.996678
-0.992126
-0.996678
-0.987179
-0.980769
-0.995169
-0.990741
-0.996678
-0.994118
-0.994253
-0.996678
-0.994318
-0.987342
-0.980392
-0.996678
-0.994048
-0.988636
-0.987952
-0.975000
-0.996678
-0.996678
-0.994048
-0.987805
-0.976744
-0.958333
-0.980392
-0.995935
-0.986667
-0.996678
-0.996678
-0.996678
-0.996078
-0.996078
-0.981818
-0.996678
-0.993976
-0.992857
-0.996678
-0.996678
-0.996678
-0.979592
-0.996678
-0.996678
-0.996241
-0.996283
-0.996678
-0.996678
-0.996109
-0.973684
-0.994624
-0.996678
-0.996678
-0.996678
-0.990000
-0.981481
-0.995025
-0.988095
-0.996678
-0.987654
-0.988764
-0.996678
-0.996124
-0.987952
-0.980392
-0.996403
-0.996678
-0.996678
-0.987952
-0.975000
-0.995000
-0.984848
-0.987952
-0.996678
-0.976744
-0.958333
-0.980392
-0.996154
-0.996678
-0.996678
-0.996678
-0.996678
-0.996139
-0.996678
-0.992481
-0.996678
-0.996678
-0.996678
-0.996678
-0.996678
-0.996678
-0.995595
-0.988235
-0.993197
-0.988235
-0.987342
-0.992754
-0.995951
-0.996678
-0.996678
-0.986842
-0.995238
-0.996678
-0.993671
-0.987342
-0.977778
-0.995305
-0.987952
-0.996678
-0.996678
-0.987013
-0.996678
-0.996678
-0.987342
-0.996678
-0.996678
-0.987500
-0.996678
-0.991150
-0.981818
-0.996678
-0.995516
-0.987654
-0.976744
-0.976744
-0.958333
-0.980392
-0.994382
-0.996678
-0.996678
-0.996678
-0.996678
-0.988506
-0.993103
-0.980769
-0.996678
-0.996678
-0.996678
-0.996678
-0.995475
-0.993590
-0.996678
-0.996678
-0.996678
-0.990000
-0.988235
-0.995370
-0.989362
-0.996678
-0.994475
-0.987342
-0.996678
-0.996678
-0.989247
-0.987342
-0.975610
-0.995575
-0.996678
-0.996678
-0.987805
-0.986842
-0.993421
-0.996678
-0.993711
-0.980392
-0.996575
-0.987805
-0.996678
-0.991597
-0.976190
-0.996678
-0.996678
-0.994220
-0.976744
-0.981481
-0.958333
-0.984615
-0.987342
-0.996678
-0.996678
-0.992593
-0.996678
-0.996678
-0.996678
-0.980000
-0.996678
-0.994253
-0.993151
-0.996678
-0.995283
-0.994975
-0.996678
-0.994152
-0.996678
-0.994186
-0.996528
-0.996678
-0.988095
-0.987805
-0.988235
-0.987013
-0.996678
-0.993421
-0.987500
-0.987500
-0.985714
-0.996678
-0.996198
-0.996678
-0.994565
-0.987654
-0.996678
-0.996678
-0.988235
-0.980392
-0.993421
-0.988372
-0.996678
-0.994186
-0.975000
-0.996678
-0.996678
-0.989796
-0.990385
-0.986486
-0.958333
-0.996678
-0.989362
-0.996678
-0.996678
-0.993333
-0.996678
-0.989130
-0.996678
-0.993333
-0.996678
-0.989583
-0.996678
-0.996678
-0.993333
-0.996678
-0.996678
-0.994737
-0.996678
-0.991071
-0.990654
-0.996678
-0.989474
-0.989130
-0.973684
-0.989130
-0.996678
-0.996678
-0.989583
-0.989583
-0.993464
-0.990000
-0.990385
-0.996678
-0.989130
-0.989130
-0.996678
-0.989583
-0.989362
-0.996678
-0.996678
-0.989583
-0.996678
-0.985507
-0.988889
-0.996678
-0.996678
-0.989796
-0.991453
-0.996678
-0.958333
-0.996678
-0.989362
-0.996678
-0.996678
-0.993333
-0.996678
-0.989130
-0.996678
-0.993333
-0.996678
-0.989583
-0.996678
-0.996678
-0.993333
-0.996678
-0.996678
-0.994737
-0.996678
-0.991071
-0.990654
-0.996678
-0.989474
-0.989130
-0.973684
-0.989130
-0.996678
-0.996678
-0.989583
-0.989583
-0.993464
-0.990000
-0.990385
-0.996678
-0.989130
-0.989130
-0.996678
-0.989583
-0.989362
-0.996678
-0.996678
-0.989583
-0.996678
-0.985507
-0.988889
-0.996678
-0.996678
-0.989796
-0.991453
-0.996678
-0.958333
-0.996678
-0.989362
-0.996678
-0.996678
-0.993333
-0.996678
-0.989130
-0.996678
-0.993333
-0.996678
-0.989583
-0.996678
-0.996678
-0.993333
-0.996678
-0.996678
-0.994737
-0.996678
-0.991071
-0.990654
-0.996678
-0.989474
-0.989130
-0.973684
-0.989130
-0.996678
-0.996678
-0.989583
-0.989583
-0.993464
-0.990000
-0.990385
-0.996678
-0.989130
-0.989130
-0.996678
-0.989583
-0.989362
-0.996678
-0.996678
-0.989583
-0.996678
-0.985507
-0.988889
-0.996678
-0.996678
-0.989796
-0.991453
-0.996678
-0.958333
-0.996678
-0.989362
-0.996678
-0.996678
-0.993333
-0.996678
-0.989130
-0.996678
-0.993333
-0.996678
-0.989583
-0.996678
-0.996678
-0.993333
-0.996678
-0.996678
-0.994737
-0.996678
-0.991071
-0.990654
-0.996678
-0.989474
-0.989130
-0.973684
-0.989130
-0.996678
-0.996678
-0.989583
-0.989583
-0.993464
-0.990000
-0.990385
-0.996678
-0.989130
-0.989130
-0.996678
-0.989583
-0.989362
-0.996678
-0.996678
-0.989583
-0.996678
-0.985507
-0.988889
-0.996678
-0.996678
-0.989796
-0.991453
-0.996678
-0.958333
-0.996678
-0.989362
-0.996678
-0.996678
-0.993333
-0.996678
-0.989130
-0.996678
-0.993333
-0.996678
-0.989583
-0.996678
-0.996678
-0.993333
-0.996678
-0.996678
-0.994737
-0.996678
-0.991071
-0.990654
-0.996678
-0.989474
-0.989130
-0.973684
-0.989130
-0.996678
-0.996678
-0.989583
-0.989583
-0.993464
-0.990000
-0.990385
-0.996678
-0.989130
-0.989130
-0.996678
-0.989583
-0.989362
-0.996678
-0.996678
-0.989583
-0.996678
-0.985507
-0.988889
-0.996678
-0.996678
-0.989796
-0.991453
-0.996678
-0.958333
-0.996678
-0.989362
-0.996678
-0.996678
-0.993333
-0.996678
-0.989130
-0.996678
-0.993333
-0.996678
-0.989583
-0.996678
-0.996678
-0.993333
-0.996678
-0.996678
-0.994737
-0.996678
-0.991071
-0.990654
-0.996678
-0.989474
-0.989130
-0.973684
-0.989130
-0.996678
-0.996678
-0.989583
-0.989583
-0.993464
-0.990000
-0.990385
-0.996678
-0.989130
-0.989130
-0.996678
-0.989583
-0.989362
-0.996678
-0.996678
-0.989583
-0.996678
-0.985507
-0.988889
-0.996678
-0.996678
-0.989796
-0.991453
-0.996678
-0.958333
-0.996678
-0.989362
-0.996678
-0.996678
-0.993333
-0.996678
-0.989130
-0.996678
-0.993333
-0.996678
-0.989583
-0.996678
-0.996678
-0.993333
-0.996678
-0.996678
-0.994737
-0.996678
-0.991071
-0.990654
-0.996678
-0.989474
-0.989130
-0.973684
-0.989130
-0.996678
-0.996678
-0.989583
-0.989583
-0.993464
-0.990000
-0.990385
-0.996678
-0.989130
-0.989130
-0.996678
-0.989583
-0.989362
-0.996678
-0.996678
-0.989583
-0.996678
-0.985507
-0.988889
-0.996678
-0.996678
-0.989796
-0.991453
-0.996678
-0.958333
-0.996678
-0.989362
-0.996678
-0.996678
-0.993333
-0.996678
-0.989130
-0.996678
-0.993333
-0.996678
-0.989583
-0.996678
-0.996678
-0.993333
-0.996678
-0.996678
-0.994737
-0.996678
-0.991071
-0.990654
-0.996678
-0.989474
-0.989130
-0.973684
-0.989130
-0.996678
-0.996678
-0.989583
-0.989583
-0.993464
-0.990000
-0.990385
-0.996678
-0.989130
-0.989130
-0.996678
-0.989583
-0.989362
-0.996678
-0.996678
-0.989583
-0.996678
-0.985507
-0.988889
-0.996678
-0.996678
-0.989796
-0.991453
-0.996678
-0.958333
-0.996678
-0.989362
-0.996678
-0.996678
-0.993333
-0.996678
-0.989130
-0.996678
-0.993333
-0.996678
-0.989583
-0.996678
-0.996678
-0.993333
-0.996678
-0.996678
-0.994737
-0.996678
-0.991071
-0.990654
-0.996678
-0.989474
-0.989130
-0.973684
-0.989130
-0.996678
-0.996678
-0.989583
-0.989583
-0.993464
-0.990000
-0.990385
-0.996678
-0.989130
-0.989130
-0.996678
-0.989583
-0.989362
-0.996678
-0.996678
-0.989583
-0.996678
-0.985507
-0.988889
-0.996678
-0.996678
-0.989796
-0.991453
-0.996678
-0.958333
-0.996678
-0.989362
-0.996678
-0.996678
-0.993333
-0.996678
-0.989130
-0.996678
-0.993333
-0.996678
-0.989583
-0.996678
-0.996678
-0.993333
-0.996678
-0.996678
-0.994737
-0.996678
-0.991071
-0.990654
-0.996678
-0.989474
-0.989130
-0.973684
-0.989130
-0.996678
-0.996678
-0.989583
-0.989583
-0.993464
-0.990000
-0.990385
-0.996678
-0.989130
-0.989130
-0.996678
-0.989583
-0.989362
-0.996678
-0.996678
-0.989583
-0.996678
-0.985507
-0.988889
-0.996678
-0.996678
-0.989796
-0.991453
-0.996678
-0.958333
-0.996678
-0.989362
-0.996678
-0.996678
-0.993333
-0.996678
-0.989130
-0.996678
-0.993333
-0.996678
-0.989583
-0.996678
-0.996678
-0.993333
-0.996678
-0.996678
-0.994737
-0.996678
-0.991071
-0.990654
-0.996678
-0.989474
-0.989130
-0.973684
-0.989130
-0.996678
-0.996678
-0.989583
-0.989583
-0.993464
-0.990000
-0.990385
-0.996678
-0.989130
-0.989130
-0.996678
-0.989583
-0.989362
-0.996678
-0.996678
-0.989583
-0.996678
-0.985507
-0.988889
-0.996678
-0.996678
-0.989796
-0.991453
-0.996678
-0.958333
-0.996678
-0.989362
-0.996678
-0.996678
-0.993333
-0.996678
-0.989130
-0.996678
-0.993333
-0.996678
-0.989583
-0.996678
-0.996678
-0.993333
-0.996678
-0.996678
-0.994737
-0.996678
-0.991071
-0.990654
-0.996678
-0.989474
-0.989130
-0.973684
-0.989130
-0.996678
-0.996678
-0.989583
-0.989583
-0.993464
-0.990000
-0.990385
-0.996678
-0.989130
-0.989130
-0.996678
-0.989583
-0.989362
-0.996678
-0.996678
-0.989583
-0.996678
-0.985507
-0.988889
-0.996678
-0.996678
-0.989796
-0.991453
-0.996678
-0.958333
-0.996678
-0.989362
-0.996678
-0.996678
-0.993333
-0.996678
-0.989130
-0.996678
-0.993333
-0.996678
-0.989583
-0.996678
-0.996678
-0.993333
-0.996678
-0.996678
-0.994737
-0.996678
-0.991071
-0.990654
-0.996678
-0.989474
-0.989130
-0.973684
-0.989130
-0.996678
-0.996678
-0.989583
-0.989583
-0.993464
-0.990000
-0.990385
-0.996678
-0.989130
-0.989130
-0.996678
-0.989583
-0.989362
-0.996678
-0.996678
-0.989583
-0.996678
-0.985507
-0.988889
-0.996678
-0.996678
-0.989796
-0.991453
-0.996678
-0.958333
-0.996678
-0.989362
-0.996678
-0.996678
-0.993333
-0.996678
-0.989130
-0.996678
-0.993333
-0.996678
-0.989583
-0.996678
-0.996678
-0.993333
-0.996678
-0.996678
-0.994737
-0.996678
-0.991071
-0.990654
-0.996678
-0.989474
-0.989130
-0.973684
-0.989130
-0.996678
-0.996678
-0.989583
-0.989583
-0.993464
-0.990000
-0.990385
-0.996678
-0.989130
-0.989130
-0.996678
-0.989583
-0.989362
-0.996678
-0.996678
-0.989583
-0.996678
-0.985507
-0.988889
-0.996678
-0.996678
-0.989796
-0.991453
-0.996678
-0.958333
-0.996678
-0.989362
-0.996678
-0.996678
-0.993333
-0.996678
-0.989130
-0.996678
-0.993333
-0.996678
-0.989583
-0.996678
-0.996678
-0.993333
-0.996678
-0.996678
-0.994737
-0.996678
-0.991071
-0.990654
-0.996678
-0.989474
-0.989130
-0.973684
-0.989130
-0.996678
-0.996678
-0.989583
-0.989583
-0.993464
-0.990000
-0.990385
-0.996678
-0.989130
-0.989130
-0.996678
-0.989583
-0.989362
-0.996678
-0.996678
-0.989583
-0.996678
-0.985507
-0.988889
-0.996678
-0.996678
-0.989796
-0.991453
-0.996678
-0.958333
-0.996678
-0.989362
-0.996678
-0.996678
-0.993333
-0.996678
-0.989130
-0.996678
-0.993333
-0.996678
-0.989583
-0.996678
-0.996678
-0.993333
-0.996678
-0.996678
-0.994737
-0.996678
-0.991071
-0.990654
-0.996678
-0.989474
-0.989130
-0.973684
-0.989130
-0.996678
-0.996678
-0.989583
-0.989583
-0.993464
-0.990000
-0.990385
-0.996678
-0.989130
-0.989130
-0.996678
-0.989583
-0.989362
-0.996678
-0.996678
-0.989583
-0.996678
-0.985507
-0.988889
-0.996678
-0.996678
-0.989796
-0.991453
-0.996678
-0.958333
-0.996678
-0.989362
-0.996678
-0.996678
-0.993333
-0.996678
-0.989130
-0.996678
-0.993333
-0.996678
-0.989583
-0.996678
-0.996678
-0.993333
-0.996678
-0.996678
-0.994737
-0.996678
-0.991071
-0.990654
-0.996678
-0.989474
-0.989130
-0.973684
-0.989130
-0.996678
-0.996678
-0.989583
-0.989583
-0.993464
-0.990000
-0.990385
-0.996678
-0.989130
-0.989130
-0.996678
-0.989583
-0.989362
-0.996678
-0.996678
-0.989583
-0.996678
-0.985507
-0.988889
-0.996678
-0.996678
-0.989796
-0.991453
-0.996678
-0.958333
-0.996678
-0.989362
-0.996678
-0.996678
-0.993333
-0.996678
-0.989130
-0.996678
-0.993333
-0.996678
-0.989583
-0.996678
-0.996678
-0.993333
-0.996678
-0.996678
-0.994737
-0.996678
-0.991071
-0.990654
-0.996678
-0.989474
-0.989130
-0.973684
-0.989130
-0.996678
-0.996678
-0.989583
-0.989583
-0.993464
-0.990000
-0.990385
-0.996678
-0.989130
-0.989130
-0.996678
-0.989583
-0.989362
-0.996678
-0.996678
-0.989583
-0.996678
-0.985507
-0.988889
-0.996678
-0.996678
-0.989796
-0.991453
-0.996678
-0.958333
-0.996678
-0.989362
-0.996678
-0.996678
-0.993333
-0.996678
-0.989130
-0.996678
-0.993333
-0.996678
-0.989583
-0.996678
-0.996678
-0.993333
-0.996678
-0.996678
-0.994737
-0.996678
-0.991071
-0.990654
-0.996678
-0.989474
-0.989130
-0.973684
-0.989130
-0.996678
-0.996678
-0.989583
-0.989583
-0.993464
-0.990000
-0.990385
-0.996678
-0.989130
-0.989130
-0.996678
-0.989583
-0.989362
-0.996678
-0.996678
-0.989583
-0.996678
-0.985507
-0.988889
-0.996678
-0.996678
-0.989796
-0.991453
-0.996678
-0.958333
-0.996678
-0.989362
-0.996678
-0.996678
-0.993333
-0.996678
-0.989130
-0.996678
-0.993333
-0.996678
-0.989583
-0.996678
-0.996678
-0.993333
-0.996678
-0.996678
-0.994737
-0.996678
-0.991071
-0.990654
-0.996678
-0.989474
-0.989130
-0.973684
-0.989130
-0.996678
-0.996678
-0.989583
-0.989583
-0.993464
-0.990000
-0.990385
-0.996678
-0.989130
-0.989130
-0.996678
-0.989583
-0.989362
-0.996678
-0.996678
-0.989583
-0.996678
-0.985507
-0.988889
-0.996678
-0.996678
-0.989796
-0.991453
-0.996678
-0.958333
