-0.007576
0.009524
-0.012048
0.006494
0.005208
0.004425
0.014085
0.017241
-0.013699
-0.012987
0.008772
0.019231
0.016667
-0.017544
0.012500
-0.015152
0.015625
-0.014925
0.019231
0.018519
-0.011765
-0.014085
-0.016393
-0.018868
0.018182
0.013158
0.020408
-0.016667
0.015385
-0.017544
0.017544
-0.014493
0.017241
0.012048
0.020833
-0.011236
-0.010753
-0.022222
0.007812
-0.010526
0.019608
0.022727
-0.009174
-0.019231
0.016393
-0.010526
0.013514
-0.013514
0.019608
-0.012658
0.017857
0.017857
-0.013158
-0.026316
-0.011765
-0.016393
0.014706
-0.012987
0.014286
0.009091
-0.014706
-0.013333
-0.016949
-0.017857
-0.014925
0.014286
0.011236
0.020000
-0.017544
0.012500
0.016667
0.009346
0.016129
-0.021277
0.017241
-0.014286
0.014706
0.011111
-0.014493
-0.017857
-0.010417
-0.010989
-0.013333
-0.015385
-0.011765
0.016667
0.013333
-0.020408
-0.016667
-0.018519
-0.015873
0.012500
-0.013333
0.018182
0.011494
0.015152
0.016949
-0.022727
0.012346
-0.016393
0.017241
0.012195
-0.013699
0.016949
0.009524
0.020833
-0.013514
-0.016129
-0.015152
0.012658
0.013699
-0.010753
0.011905
-0.014286
0.014493
-0.014085
0.018519
-0.015152
0.015873
0.011765
0.023810
0.016667
0.016949
0.013514
-0.015625
0.011905
-0.017544
-0.009346
0.009709
-0.011628
-0.020833
-0.010204
-0.015152
0.012500
-0.009434
0.014085
0.015625
0.008264
-0.022222
0.010989
-0.012500
0.015385
0.013889
-0.014286
-0.013889
0.016949
-0.008929
-0.014085
-0.012658
0.015873
-0.011905
0.013699
-0.014085
0.012048
0.014286
0.006944
-0.013514
0.010204
-0.014706
-0.013889
0.012821
0.016949
-0.013514
-0.011628
0.012658
0.022727
0.012658
0.016129
0.014925
0.015152
0.022222
0.014085
-0.014085
-0.009615
0.014925
0.014706
0.015385
-0.014706
-0.021739
-0.011628
0.009709
0.013514
-0.015873
-0.016949
0.018182
-0.014706
-0.014493
0.013333
0.020408
0.017544
-0.010000
0.011236
0.014925
-0.012048
0.013889
-0.014925
0.022727
-0.010309
0.011628
-0.014925
-0.017857
-0.013514
0.013889
0.015152
0.016667
-0.026316
0.014286
-0.013699
0.011494
-0.012346
-0.016393
0.017857
0.015152
0.015152
0.019231
-0.025000
0.015385
-0.011628
0.010526
0.015152
0.008621
-0.012500
0.016129
0.014493
0.007812
0.023256
0.010000
0.015152
-0.011111
0.014493
0.015385
0.008264
-0.014493
-0.018182
-0.013514
0.012195
-0.016949
0.015385
-0.010638
0.016393
-0.010989
-0.014925
0.012658
0.017544
0.014706
-0.015625
-0.015152
0.011364
0.019231
0.015385
-0.022727
-0.010204
0.021277
-0.013699
0.010989
-0.007752
0.016949
-0.014493
-0.011364
-0.011111
-0.022222
0.008621
-0.017241
-0.013889
-0.012658
0.014706
0.018182
-0.016393
0.013333
0.013514
-0.015873
0.014085
-0.013514
0.018519
0.016949
-0.015873
0.014925
0.008264
0.019231
-0.010989
0.015625
-0.014925
0.017857
0.016129
0.014493
-0.017241
-0.020833
0.011364
0.016393
0.018868
0.014925
-0.010989
-0.016949
-0.009009
-0.017857
-0.016667
-0.014925
-0.017544
0.013514
-0.017544
-0.017241
0.013889
0.016129
0.018182
-0.022727
0.017544
0.015625
-0.013699
0.013699
-0.016667
-0.017857
0.016667
-0.015873
-0.024390
0.014925
-0.016667
0.018868
-0.010753
-0.019608
-0.014706
0.018519
-0.019231
-0.011236
-0.011628
-0.013514
-0.010753
-0.011765
-0.009524
0.022222
0.014286
-0.013699
0.007812
0.010204
0.013158
-0.014925
-0.013699
0.013333
0.018868
-0.014706
-0.020833
-0.015873
-0.011628
0.012346
-0.011494
-0.013158
0.015625
0.015625
-0.018519
0.014085
-0.015385
-0.013333
0.012500
0.020833
-0.018868
-0.010309
0.021277
0.020000
0.019231
-0.015152
-0.017241
0.020000
-0.016667
0.021277
-0.013514
-0.018519
-0.014706
-0.017241
0.017857
-0.006452
-0.015873
0.013889
-0.014286
0.011111
0.019231
-0.015385
-0.018868
0.010753
0.015625
0.012346
0.014085
-0.012987
0.009524
-0.015385
-0.014925
0.012821
0.010989
0.017544
0.017241
-0.016949
-0.018868
0.012048
0.012048
-0.012987
0.014706
-0.013699
-0.016667
-0.023256
-0.015873
-0.006993
0.013333
-0.011364
0.012821
0.021739
0.020408
-0.011364
0.014286
-0.014085
0.018519
0.012821
0.015625
0.019231
-0.019608
-0.018868
-0.011905
0.023256
-0.016393
-0.016949
0.016949
-0.014493
0.016949
-0.015873
-0.020000
0.016949
-0.012987
