-0.041667
-0.047619
0.034483
0.032258
-0.040000
-0.024390
-0.034483
-0.032258
0.027778
-0.045455
-0.023810
-0.034483
-0.027027
-0.030303
0.041667
-0.038462
-0.031250
-0.041667
0.034483
0.040000
-0.037037
-0.031250
0.035714
-0.024390
-0.030303
-0.028571
-0.035714
-0.027027
0.025000
-0.033333
0.034483
-0.040000
-0.043478
-0.022727
0.032258
-0.026316
0.034483
0.027778
-0.029412
-0.026316
-0.033333
-0.024390
0.034483
-0.026316
-0.026316
0.037037
0.028571
0.045455
-0.027778
-0.034483
-0.034483
-0.040000
-0.020833
-0.023810
-0.038462
-0.023810
0.030303
0.043478
-0.032258
-0.050000
-0.035714
0.023810
-0.034483
-0.024390
0.023256
-0.031250
-0.035714
-0.026316
-0.029412
-0.037037
-0.027778
-0.029412
-0.038462
-0.023810
-0.052632
-0.035714
0.024390
-0.043478
-0.022727
0.034483
-0.035714
-0.050000
-0.038462
-0.029412
-0.026316
-0.038462
-0.033333
-0.026316
0.035714
-0.034483
-0.029412
-0.016949
-0.030303
-0.019608
-0.043478
-0.027027
-0.031250
-0.027027
-0.030303
0.029412
-0.031250
-0.038462
-0.034483
-0.043478
-0.027027
0.033333
0.038462
-0.034483
-0.018868
-0.029412
-0.041667
-0.032258
0.037037
-0.029412
-0.029412
-0.030303
-0.033333
-0.038462
-0.027027
-0.031250
-0.034483
0.040000
0.025000
-0.027027
-0.027027
-0.035714
0.040000
-0.023256
-0.023256
0.033333
-0.032258
0.043478
0.027778
-0.043478
0.033333
-0.030303
-0.034483
-0.029412
0.031250
0.040000
-0.038462
-0.038462
-0.031250
-0.029412
-0.032258
-0.040000
-0.029412
-0.035714
-0.037037
-0.047619
0.028571
-0.020408
-0.040000
-0.034483
0.023256
-0.030303
-0.040000
-0.033333
0.041667
-0.037037
-0.035714
-0.043478
-0.037037
0.037037
-0.026316
0.040000
-0.021277
-0.034483
-0.032258
-0.023256
0.024390
-0.023810
0.028571
-0.038462
-0.038462
-0.033333
-0.026316
-0.038462
-0.034483
-0.033333
-0.027778
-0.021739
-0.038462
0.043478
-0.035714
-0.040000
-0.040000
-0.034483
-0.028571
-0.033333
-0.030303
-0.052632
-0.035714
-0.050000
-0.034483
0.037037
-0.038462
-0.032258
0.025641
-0.035714
-0.029412
-0.045455
-0.031250
-0.031250
-0.033333
-0.025641
-0.021277
0.025000
-0.026316
0.034483
-0.031250
-0.033333
-0.028571
0.041667
0.026316
-0.041667
-0.041667
-0.021739
-0.034483
0.027027
-0.019231
0.035714
-0.040000
0.041667
-0.031250
-0.027027
0.032258
-0.030303
-0.031250
0.021739
0.021277
0.028571
-0.045455
-0.041667
0.035714
-0.035714
-0.025641
0.040000
-0.032258
0.028571
-0.029412
-0.030303
-0.035714
-0.017241
0.037037
-0.031250
-0.032258
-0.037037
0.032258
-0.035714
0.035714
-0.018868
0.034483
0.035714
-0.019231
-0.033333
0.034483
-0.032258
-0.045455
0.043478
-0.034483
-0.033333
-0.033333
-0.029412
0.022727
-0.023810
-0.033333
-0.034483
-0.027027
0.031250
-0.025641
-0.031250
-0.029412
-0.030303
0.031250
-0.031250
-0.027027
-0.038462
-0.045455
-0.028571
-0.033333
-0.041667
-0.022727
0.027778
-0.037037
-0.023256
-0.043478
0.027778
-0.045455
0.032258
-0.024390
-0.028571
-0.018868
-0.033333
-0.035714
-0.029412
-0.038462
-0.028571
0.026316
-0.035714
-0.037037
-0.035714
-0.043478
-0.030303
-0.025641
-0.026316
0.028571
-0.024390
0.043478
0.025641
-0.031250
-0.030303
-0.029412
-0.037037
-0.033333
-0.031250
-0.040000
-0.026316
-0.043478
-0.033333
-0.026316
-0.043478
-0.018868
-0.021277
0.022727
0.028571
-0.028571
-0.041667
0.032258
-0.032258
-0.022727
-0.025641
-0.034483
-0.017857
-0.023256
-0.031250
-0.020833
-0.034483
-0.023256
-0.037037
-0.043478
-0.034483
-0.045455
-0.034483
0.035714
-0.045455
-0.035714
0.035714
-0.032258
0.037037
0.031250
-0.029412
-0.027027
0.031250
-0.034483
-0.029412
0.032258
-0.030303
0.027027
-0.040000
-0.027778
-0.040000
-0.027778
0.026316
0.038462
0.043478
-0.035714
-0.029412
-0.031250
0.035714
-0.028571
-0.012658
-0.030303
-0.023810
-0.037037
0.032258
-0.027778
-0.027027
-0.037037
0.029412
-0.033333
-0.038462
-0.038462
-0.027027
-0.045455
-0.041667
-0.032258
-0.043478
0.043478
-0.019231
-0.029412
-0.050000
-0.026316
0.050000
-0.035714
0.035714
-0.031250
0.032258
0.033333
-0.032258
-0.035714
-0.034483
-0.043478
0.023810
-0.025000
-0.023256
-0.043478
0.032258
-0.023256
-0.035714
0.037037
-0.045455
-0.040000
-0.033333
-0.031250
-0.024390
-0.027027
-0.035714
-0.035714
0.037037
-0.031250
0.022727
0.025641
-0.047619
-0.030303
0.025641
-0.033333
-0.030303
0.027027
-0.027778
-0.023256
0.025000
0.034483
0.040000
-0.024390
-0.027778
-0.034483
-0.045455
-0.038462
-0.037037
-0.023810
0.032258
-0.047619
-0.034483
0.037037
-0.025641
-0.026316
-0.024390
0.019231
-0.041667
-0.025641
0.034483
-0.023256
-0.032258
0.027027
0.034483
0.032258
0.031250
-0.029412
-0.027778
-0.034483
-0.031250
0.032258
-0.025000
-0.027027
-0.030303
-0.024390
0.041667
-0.025641
-0.027778
-0.050000
-0.030303
-0.023810
0.031250
0.026316
-0.040000
-0.045455
0.026316
-0.027027
-0.038462
-0.026316
-0.031250
-0.030303
-0.037037
-0.018519
-0.037037
0.012346
-0.041667
-0.037037
-0.038462
-0.027027
0.031250
0.035714
-0.024390
-0.037037
-0.030303
-0.030303
-0.031250
0.027027
0.025000
-0.032258
-0.035714
-0.025000
-0.019231
0.022222
-0.035714
0.034483
-0.047619
-0.037037
-0.043478
-0.031250
-0.029412
-0.028571
-0.050000
-0.027778
-0.027778
-0.043478
0.032258
-0.028571
-0.045455
0.037037
-0.018868
-0.035714
-0.037037
-0.035714
-0.029412
-0.052632
0.040000
-0.038462
-0.035714
0.047619
-0.031250
0.038462
0.040000
-0.040000
-0.034483
0.025000
-0.032258
0.032258
-0.037037
0.031250
-0.032258
-0.032258
-0.037037
-0.025000
-0.033333
-0.037037
-0.025000
-0.034483
-0.038462
0.047619
-0.041667
-0.032258
0.035714
-0.018182
-0.030303
-0.034483
-0.029412
-0.027778
0.037037
-0.018519
-0.041667
-0.029412
-0.028571
-0.033333
-0.024390
0.032258
0.038462
-0.029412
-0.037037
-0.043478
-0.031250
0.027778
-0.035714
0.028571
-0.021739
-0.029412
-0.031250
-0.050000
-0.026316
-0.028571
-0.041667
-0.038462
-0.028571
-0.032258
-0.038462
0.037037
0.035714
-0.023810
-0.041667
-0.020408
0.041667
0.035714
0.034483
-0.026316
-0.043478
-0.041667
-0.024390
-0.037037
-0.033333
-0.035714
-0.031250
-0.014085
0.045455
0.033333
-0.032258
-0.025641
-0.035714
-0.031250
-0.025641
-0.035714
-0.033333
-0.029412
-0.020833
-0.024390
-0.026316
0.033333
-0.024390
-0.031250
0.035714
-0.031250
-0.032258
0.031250
0.038462
-0.029412
-0.035714
-0.024390
0.037037
-0.037037
-0.025641
-0.041667
-0.027778
-0.038462
0.040000
-0.026316
-0.038462
-0.032258
-0.026316
-0.028571
-0.050000
-0.027027
0.037037
0.034483
-0.030303
-0.038462
0.037037
-0.031250
0.032258
-0.021277
-0.025641
-0.040000
-0.027778
-0.041667
-0.034483
-0.023810
-0.035714
-0.033333
-0.029412
-0.035714
0.030303
-0.047619
-0.031250
-0.021739
-0.034483
-0.021739
-0.029412
-0.026316
-0.041667
0.035714
-0.035714
-0.024390
-0.028571
-0.027778
0.027027
0.038462
0.025641
-0.038462
-0.040000
-0.027778
-0.027027
-0.027778
0.018868
-0.037037
-0.032258
-0.034483
0.033333
-0.033333
-0.024390
-0.026316
0.022727
0.043478
-0.040000
-0.023810
-0.028571
-0.037037
0.028571
0.038462
0.022222
-0.041667
-0.033333
-0.035714
-0.035714
-0.035714
-0.030303
0.023810
0.030303
0.035714
-0.025641
0.032258
0.027778
0.027778
-0.024390
0.021739
-0.030303
-0.050000
-0.037037
-0.043478
-0.033333
0.032258
-0.026316
-0.033333
-0.033333
-0.032258
-0.031250
-0.030303
0.034483
0.041667
0.037037
-0.029412
-0.027027
-0.032258
-0.038462
-0.031250
-0.033333
-0.029412
0.033333
-0.026316
-0.030303
-0.030303
0.031250
-0.022727
0.029412
-0.038462
0.033333
-0.045455
-0.027778
0.033333
-0.031250
0.038462
-0.040000
-0.037037
0.043478
-0.037037
-0.032258
-0.029412
-0.030303
-0.038462
-0.040000
-0.032258
-0.022727
0.031250
-0.034483
0.035714
-0.035714
-0.037037
-0.041667
-0.021277
0.032258
-0.026316
-0.032258
-0.041667
0.033333
0.029412
0.034483
-0.037037
-0.033333
-0.033333
-0.029412
-0.040000
0.040000
-0.027027
-0.027778
-0.038462
-0.038462
-0.031250
-0.032258
-0.035714
0.026316
0.043478
-0.032258
-0.027778
-0.028571
-0.034483
-0.037037
-0.047619
-0.030303
-0.035714
-0.027027
-0.033333
-0.033333
-0.027778
-0.037037
-0.037037
-0.032258
0.023810
-0.027027
-0.029412
-0.032258
-0.019231
-0.032258
-0.035714
-0.026316
-0.033333
0.025000
-0.029412
-0.041667
-0.035714
-0.041667
-0.015625
-0.038462
-0.032258
0.037037
0.034483
-0.033333
-0.041667
-0.045455
-0.037037
-0.023810
-0.028571
0.033333
0.031250
-0.033333
-0.032258
-0.029412
-0.041667
-0.035714
-0.032258
0.021277
0.050000
-0.034483
-0.025000
-0.033333
-0.030303
-0.035714
0.033333
0.023810
0.037037
0.038462
0.023810
0.035714
0.031250
0.028571
-0.029412
-0.026316
-0.040000
-0.028571
-0.043478
-0.041667
-0.045455
0.028571
-0.043478
-0.032258
-0.031250
-0.037037
-0.033333
-0.041667
-0.038462
-0.026316
-0.027778
0.030303
-0.031250
-0.024390
-0.027027
-0.024390
-0.033333
-0.028571
-0.041667
-0.034483
-0.032258
-0.040000
0.038462
-0.027027
-0.027027
-0.025000
0.025000
-0.032258
-0.038462
-0.035714
0.032258
-0.041667
0.032258
-0.029412
0.023810
-0.035714
0.026316
-0.035714
-0.038462
-0.029412
-0.037037
-0.031250
-0.032258
-0.026316
0.035714
-0.037037
-0.037037
-0.037037
-0.034483
-0.032258
-0.017857
-0.032258
-0.030303
0.031250
0.040000
0.029412
0.035714
0.035714
0.038462
0.037037
-0.027027
-0.040000
-0.041667
-0.024390
0.024390
-0.033333
0.023256
0.034483
-0.028571
0.026316
0.037037
-0.019608
0.027027
-0.041667
0.037037
-0.032258
-0.037037
-0.038462
-0.022222
-0.017544
-0.041667
-0.043478
-0.034483
-0.032258
-0.040000
-0.041667
-0.025000
-0.028571
-0.038462
0.038462
-0.041667
-0.025000
0.037037
0.033333
0.034483
-0.025000
-0.023256
-0.038462
-0.028571
0.040000
-0.022222
-0.031250
0.033333
-0.027778
-0.025000
-0.025641
0.035714
-0.033333
-0.040000
-0.031250
-0.031250
-0.030303
0.041667
0.034483
-0.050000
-0.038462
-0.030303
0.037037
0.022222
0.029412
-0.034483
-0.032258
0.040000
-0.030303
0.037037
-0.038462
-0.027027
-0.055556
-0.035714
-0.026316
-0.027778
0.028571
-0.028571
0.030303
-0.031250
-0.037037
-0.029412
-0.040000
-0.045455
0.027778
-0.034483
-0.023256
