-0.038462
-0.025641
-0.023810
-0.035714
0.023256
-0.022727
-0.029412
0.028571
-0.018868
-0.018868
-0.035714
-0.032258
-0.029412
-0.017241
-0.034483
0.040000
-0.050000
-0.034483
-0.025641
-0.033333
-0.018868
-0.030303
-0.023256
-0.027778
-0.025000
-0.032258
-0.032258
-0.031250
-0.024390
-0.035714
-0.033333
-0.027027
-0.037037
-0.029412
-0.020000
-0.031250
-0.037037
-0.037037
0.034483
-0.033333
-0.040000
-0.031250
-0.027027
-0.018182
-0.032258
-0.030303
0.028571
-0.022727
-0.038462
-0.031250
-0.027778
-0.037037
-0.022222
-0.034483
-0.022727
-0.025000
-0.027778
-0.020408
-0.025641
-0.025000
-0.033333
-0.022222
-0.023810
0.031250
-0.043478
-0.025000
-0.021277
-0.029412
-0.032258
-0.034483
-0.043478
-0.035714
-0.041667
-0.025641
-0.021277
-0.029412
-0.026316
-0.027027
0.035714
-0.027778
-0.026316
-0.029412
-0.027778
-0.027027
-0.034483
-0.043478
-0.037037
-0.037037
-0.040000
-0.027778
-0.021277
0.043478
-0.034483
-0.043478
-0.043478
-0.037037
-0.038462
-0.033333
-0.026316
-0.032258
-0.029412
-0.029412
-0.029412
-0.021739
-0.024390
-0.028571
-0.023810
-0.028571
-0.022222
-0.037037
-0.021277
-0.027027
-0.033333
-0.029412
-0.034483
-0.019608
-0.030303
-0.030303
-0.029412
-0.025000
0.040000
-0.045455
-0.034483
-0.038462
-0.033333
-0.025000
-0.027778
-0.024390
-0.033333
-0.037037
-0.041667
-0.027778
-0.038462
-0.038462
0.035714
-0.028571
-0.025641
-0.047619
-0.029412
0.032258
-0.045455
-0.030303
0.052632
-0.018182
-0.029412
0.025000
-0.033333
-0.031250
0.028571
-0.033333
-0.031250
-0.022222
-0.037037
-0.032258
-0.025000
-0.024390
0.045455
-0.043478
-0.034483
-0.033333
-0.034483
-0.020000
-0.033333
-0.027778
-0.022222
-0.032258
-0.027027
-0.027778
-0.025000
-0.033333
-0.027778
0.029412
-0.022222
-0.040000
-0.016129
-0.040000
-0.023810
0.033333
-0.031250
-0.022222
-0.034483
-0.018868
-0.018519
-0.031250
0.029412
-0.028571
-0.033333
-0.034483
-0.023810
-0.032258
-0.030303
0.034483
-0.037037
-0.030303
-0.035714
-0.031250
-0.028571
-0.034483
-0.027027
-0.038462
-0.023256
-0.041667
0.030303
-0.038462
-0.026316
-0.028571
-0.020833
-0.040000
-0.025000
-0.040000
-0.038462
-0.021277
0.034483
-0.043478
-0.033333
-0.023256
-0.027027
0.040000
-0.032258
-0.035714
-0.037037
-0.017857
-0.032258
-0.047619
-0.020833
-0.027778
-0.030303
0.027778
-0.034483
0.027778
-0.034483
-0.018868
-0.029412
-0.024390
-0.040000
-0.015385
0.028571
-0.033333
-0.027778
-0.043478
-0.029412
0.032258
-0.034483
-0.047619
-0.047619
-0.019608
-0.037037
-0.020000
-0.038462
-0.033333
0.023256
-0.032258
-0.023810
-0.017544
-0.028571
-0.037037
-0.023810
-0.030303
-0.031250
-0.031250
0.035714
-0.030303
-0.020833
-0.034483
-0.028571
-0.025000
-0.032258
-0.041667
-0.030303
-0.025641
-0.033333
-0.025000
-0.038462
-0.028571
-0.037037
-0.023256
-0.032258
-0.031250
0.033333
-0.022727
-0.035714
-0.040000
-0.022727
-0.034483
-0.040000
0.023810
-0.025000
-0.033333
-0.026316
-0.050000
-0.023810
-0.025000
-0.045455
-0.021739
-0.030303
-0.034483
-0.030303
-0.026316
-0.025641
-0.023810
-0.037037
-0.040000
-0.034483
-0.028571
-0.016129
-0.020000
-0.028571
-0.034483
-0.035714
-0.029412
-0.025641
0.037037
-0.035714
-0.032258
-0.033333
-0.029412
-0.029412
-0.031250
0.041667
-0.037037
-0.034483
-0.028571
-0.026316
-0.031250
-0.033333
0.025641
0.028571
-0.021277
0.027027
-0.020408
-0.034483
-0.032258
-0.027778
-0.035714
-0.025000
-0.031250
-0.023810
-0.026316
-0.033333
0.019608
-0.050000
0.033333
-0.032258
-0.033333
-0.025000
-0.034483
-0.043478
0.035714
-0.030303
0.040000
-0.027027
-0.028571
-0.037037
-0.032258
-0.025641
-0.027027
-0.033333
-0.032258
-0.035714
0.025000
-0.030303
-0.037037
0.028571
-0.030303
-0.032258
0.033333
-0.037037
-0.026316
-0.023256
-0.021739
-0.032258
-0.030303
-0.038462
-0.029412
-0.035714
-0.021739
-0.032258
-0.027778
-0.026316
-0.027778
-0.035714
-0.034483
-0.030303
-0.023810
-0.025641
-0.030303
-0.041667
-0.026316
-0.029412
-0.037037
-0.037037
-0.031250
-0.014493
-0.032258
0.027778
-0.043478
-0.037037
0.040000
-0.032258
-0.037037
0.023810
-0.031250
-0.037037
-0.025000
-0.025000
-0.030303
-0.026316
-0.027027
-0.030303
-0.023256
-0.027778
-0.035714
-0.033333
-0.020000
-0.030303
-0.027778
-0.025000
-0.026316
-0.030303
-0.037037
-0.047619
-0.030303
0.032258
-0.011111
-0.023810
-0.022727
-0.026316
-0.037037
-0.020408
-0.032258
-0.025000
-0.027778
-0.025000
-0.021277
-0.020408
-0.033333
0.040000
-0.034483
-0.016129
-0.029412
-0.040000
0.041667
-0.030303
-0.043478
-0.038462
-0.038462
-0.040000
-0.028571
-0.052632
-0.032258
0.035714
-0.027778
-0.040000
-0.016949
0.040000
-0.020000
-0.031250
0.026316
-0.034483
-0.025641
-0.022222
-0.022222
-0.029412
0.043478
-0.029412
-0.045455
0.037037
-0.032258
-0.032258
-0.016129
-0.026316
-0.032258
-0.033333
0.023810
-0.040000
0.027778
-0.034483
-0.019608
-0.021739
-0.028571
-0.033333
-0.034483
-0.043478
-0.041667
-0.035714
0.030303
-0.035714
-0.022727
0.031250
-0.025000
-0.035714
-0.025641
-0.028571
-0.023810
-0.029412
0.047619
-0.034483
-0.032258
-0.025000
-0.037037
