
0.000000 0.4334843348 -0.4366752791 -0.1892918929 -18929.000000 -0.0561097112 0.5086712017 -0.1103064436 -0.0427300000 0.5392400000 -0.0792411542
0.100000 0.4272842728 -0.4428945890 -0.1892418924 -18924.000000 -0.0560396112 0.5038021008 -0.1112333814 -0.0431500000 0.5260100000 -0.0820326610
0.200000 0.4204442044 -0.4448910665 -0.1870518705 -18705.000000 -0.0565386113 0.5109483022 -0.1106542698 -0.0396700000 0.5480200000 -0.0723878691
0.300000 0.4139441394 -0.4484466348 -0.1856318563 -18563.000000 -0.0562913113 0.5079245016 -0.1108261387 -0.0426800000 0.5357300000 -0.0796669964
0.400000 0.4037840378 -0.4642131854 -0.1874418744 -18744.000000 -0.0558124112 0.5152505031 -0.1083209251 -0.0418600000 0.5239600000 -0.0798915948
0.500000 0.3998039980 -0.4622561281 -0.1848118481 -18481.000000 -0.0560466112 0.5072842015 -0.1104836521 -0.0444000000 0.5284700000 -0.0840161220
0.600000 0.3914339143 -0.4882865391 -0.1911319113 -19113.000000 -0.0563910113 0.5079108016 -0.1110254224 -0.0432400000 0.5217200000 -0.0828797056
0.700000 0.3852438524 -0.4924722251 -0.1897218972 -18972.000000 -0.0562075112 0.5096185019 -0.1102933097 -0.0419000000 0.5367900000 -0.0780565957
0.800000 0.3792237922 -0.5039818575 -0.1911219112 -19112.000000 -0.0562368112 0.5047006009 -0.1114260834 -0.0404300000 0.5402300000 -0.0748384947
0.900000 0.3743037430 -0.5217739781 -0.1953019530 -19530.000000 -0.0562363112 0.5063689013 -0.1110579878 -0.0458500000 0.5244700000 -0.0874215875
1.000000 0.3703137031 -0.5218060544 -0.1932319323 -19323.000000 -0.0562755113 0.5029173006 -0.1118981415 -0.0423000000 0.5352800000 -0.0790240622