0.000000 0.4204442044 -0.4448910665 -0.1870518705 -18705.000000 -0.0565386113 0.5109483022 -0.1106542698 -0.0396700000 0.5480200000 -0.0723878691
0.100000 0.4204442044 -0.4448910665 -0.1870518705 -18705.000000 -0.0566379113 0.5035673007 -0.1124733700 -0.0453500000 0.5282500000 -0.0858495031
0.200000 0.4204442044 -0.4448910665 -0.1870518705 -18705.000000 -0.0560286112 0.5143392029 -0.1089331921 -0.0407000000 0.5399900000 -0.0753717661
0.300000 0.4204442044 -0.4448910665 -0.1870518705 -18705.000000 -0.0561088112 0.5082675017 -0.1103922856 -0.0422000000 0.5334100000 -0.0791136274
0.400000 0.4204442044 -0.4448910665 -0.1870518705 -18705.000000 -0.0564222113 0.5077691016 -0.1111178508 -0.0424500000 0.5458400000 -0.0777700425
0.500000 0.4204442044 -0.4448910665 -0.1870518705 -18705.000000 -0.0561484112 0.5115796023 -0.1097549843 -0.0423400000 0.5300800000 -0.0798747359
0.600000 0.4204442044 -0.4448910665 -0.1870518705 -18705.000000 -0.0560305112 0.5007001001 -0.1119043339 -0.0440400000 0.5240200000 -0.0840425938
0.700000 0.4204442044 -0.4448910665 -0.1870518705 -18705.000000 -0.0560110112 0.5071500014 -0.1104426916 -0.0427600000 0.5280900000 -0.0809710466
0.800000 0.4204442044 -0.4448910665 -0.1870518705 -18705.000000 -0.0556015111 0.5052083010 -0.1100566064 -0.0451500000 0.5187300000 -0.0870395003
0.900000 0.4204442044 -0.4448910665 -0.1870518705 -18705.000000 -0.0559904112 0.5072584015 -0.1103784798 -0.0438500000 0.5355900000 -0.0818723277
1.000000 0.4204442044 -0.4448910665 -0.1870518705 -18705.000000 -0.0560084112 0.5107443021 -0.1096603740 -0.0411300000 0.5310200000 -0.0774547098
