
0.000000 0.3659836598 -0.5268867151 -0.1928319283 -19283.000000 -0.0585373117 0.4903136981 -0.1193874696 -0.0466800000 0.5106700000 -0.0914093250
0.100000 0.3762937629 -0.5058332669 -0.1903419034 -19034.000000 -0.0583797117 0.4939839988 -0.1181813820 -0.0456700000 0.5098800000 -0.0895700949
0.200000 0.3837238372 -0.4861357240 -0.1865418654 -18654.000000 -0.0580212116 0.4939275988 -0.1174690618 -0.0466100000 0.5101400000 -0.0913670757
0.300000 0.3978439784 -0.4641815805 -0.1846718467 -18467.000000 -0.0570937114 0.4989967998 -0.1144169891 -0.0458400000 0.5116100000 -0.0895994996
0.400000 0.4083440834 -0.4575843660 -0.1868518685 -18685.000000 -0.0565102113 0.5109202022 -0.1106047697 -0.0420800000 0.5378600000 -0.0782359722
0.500000 0.4204442044 -0.4448910665 -0.1870518705 -18705.000000 -0.0565386113 0.5109483022 -0.1106542698 -0.0396700000 0.5480200000 -0.0723878691
0.600000 0.4335843358 -0.4382351584 -0.1900119001 -19001.000000 -0.0555975111 0.5154508031 -0.1078619158 -0.0413800000 0.5483000000 -0.0754696334
0.700000 0.4493644936 -0.4124310130 -0.1853318533 -18533.000000 -0.0554429111 0.5142506029 -0.1078130211 -0.0423100000 0.5430900000 -0.0779060561
0.800000 0.4642546425 -0.4111793215 -0.1908919089 -19089.000000 -0.0549998110 0.5239334048 -0.1049748126 -0.0412600000 0.5519900000 -0.0747477309
0.900000 0.4802748027 -0.3949861536 -0.1897018970 -18970.000000 -0.0554565111 0.5307927062 -0.1044786608 -0.0416900000 0.5418000000 -0.0769472130
1.000000 0.5029650297 -0.3868299666 -0.1945619456 -19456.000000 -0.0553869111 0.5340300068 -0.1037149793 -0.0424400000 0.5549100000 -0.0764808708