0.000000 278.8786757351 -1.0000000000 -278.8786757351 -2788229.000000 -278.8786757351 278.8786757351 -1.0000000000 -300.0000000000 300.0000000000 -1.0000000000
0.100000 289.8301660332 -1.0000000000 -289.8301660332 -2897722.000000 -289.8301660332 289.8301660332 -1.0000000000 -300.0000000000 300.0000000000 -1.0000000000
0.200000 290.4311862372 -1.0000000000 -290.4311862372 -2903731.000000 -290.4311862372 290.4311862372 -1.0000000000 -300.0000000000 300.0000000000 -1.0000000000
0.300000 284.8270654131 -1.0000000000 -284.8270654131 -2847701.000000 -284.8270654131 284.8270654131 -1.0000000000 -279.5600000000 279.5600000000 -1.0000000000
0.400000 297.0415083017 -1.0000000000 -297.0415083017 -2969821.000000 -297.0415083017 297.0415083017 -1.0000000000 -300.0000000000 300.0000000000 -1.0000000000
0.500000 264.2153430686 -1.0000000000 -264.2153430686 -2641625.000000 -264.2153430686 264.2153430686 -1.0000000000 -166.7000000000 166.7000000000 -1.0000000000
0.600000 281.2186437287 -1.0000000000 -281.2186437287 -2811624.000000 -281.2186437287 281.2186437287 -1.0000000000 -110.8000000000 110.8000000000 -1.0000000000
0.700000 294.5512102420 -1.0000000000 -294.5512102420 -2944923.000000 -294.5512102420 294.5512102420 -1.0000000000 -300.0000000000 300.0000000000 -1.0000000000
0.800000 284.7856571314 -1.0000000000 -284.7856571314 -2847287.000000 -284.7856571314 284.7856571314 -1.0000000000 -300.0000000000 300.0000000000 -1.0000000000
0.900000 286.1172234447 -1.0000000000 -286.1172234447 -2860600.000000 -286.1172234447 286.1172234447 -1.0000000000 -300.0000000000 300.0000000000 -1.0000000000
