0.000000 289.3943788758 -1.0000000000 -289.3943788758 -2893365.000000 -289.3943788758 289.3943788758 -1.0000000000 -300.0000000000 300.0000000000 -1.0000000000
0.100000 292.6272254451 -1.0000000000 -292.6272254451 -2925687.000000 -292.6272254451 292.6272254451 -1.0000000000 -300.0000000000 300.0000000000 -1.0000000000
0.200000 292.8689737948 -1.0000000000 -292.8689737948 -2928104.000000 -292.8689737948 292.8689737948 -1.0000000000 -300.0000000000 300.0000000000 -1.0000000000
0.300000 281.1773354671 -1.0000000000 -281.1773354671 -2811211.000000 -281.1773354671 281.1773354671 -1.0000000000 -279.4200000000 279.4200000000 -1.0000000000
0.400000 281.2186437287 -1.0000000000 -281.2186437287 -2811624.000000 -281.2186437287 281.2186437287 -1.0000000000 -110.8000000000 110.8000000000 -1.0000000000
0.500000 291.4479895979 -1.0000000000 -291.4479895979 -2913897.000000 -291.4479895979 291.4479895979 -1.0000000000 -300.0000000000 300.0000000000 -1.0000000000
0.600000 287.1716343269 -1.0000000000 -287.1716343269 -2871142.000000 -287.1716343269 287.1716343269 -1.0000000000 -300.0000000000 300.0000000000 -1.0000000000
0.700000 282.5158031606 -1.0000000000 -282.5158031606 -2824593.000000 -282.5158031606 282.5158031606 -1.0000000000 -300.0000000000 300.0000000000 -1.0000000000
0.800000 281.6189237848 -1.0000000000 -281.6189237848 -2815626.000000 -281.6189237848 281.6189237848 -1.0000000000 -300.0000000000 300.0000000000 -1.0000000000
0.900000 261.2473494699 -1.0000000000 -261.2473494699 -2611951.000000 -261.2473494699 261.2473494699 -1.0000000000 -294.4600000000 294.4600000000 -1.0000000000
1.000000 261.3834766953 -1.0000000000 -261.3834766953 -2613312.000000 -261.3834766953 261.3834766953 -1.0000000000 -145.2800000000 145.2800000000 -1.0000000000
