0.000000 288.2391478296 -1.0000000000 -288.2391478296 -2881815.000000 -288.2391478296 288.2391478296 -1.0000000000 -300.0000000000 300.0000000000 -1.0000000000
0.100000 290.2567513503 -1.0000000000 -290.2567513503 -2901987.000000 -290.2567513503 290.2567513503 -1.0000000000 -300.0000000000 300.0000000000 -1.0000000000
0.200000 286.0854170834 -1.0000000000 -286.0854170834 -2860282.000000 -286.0854170834 286.0854170834 -1.0000000000 -300.0000000000 300.0000000000 -1.0000000000
0.300000 271.2520504101 -1.0000000000 -271.2520504101 -2711978.000000 -271.2520504101 271.2520504101 -1.0000000000 -300.0000000000 300.0000000000 -1.0000000000
0.400000 293.7187437487 -1.0000000000 -293.7187437487 -2936600.000000 -293.7187437487 293.7187437487 -1.0000000000 -300.0000000000 300.0000000000 -1.0000000000
0.500000 281.4025805161 -1.0000000000 -281.4025805161 -2813463.000000 -281.4025805161 281.4025805161 -1.0000000000 -261.4400000000 261.4400000000 -1.0000000000
0.600000 281.2186437287 -1.0000000000 -281.2186437287 -2811624.000000 -281.2186437287 281.2186437287 -1.0000000000 -110.8000000000 110.8000000000 -1.0000000000
0.700000 288.6961392278 -1.0000000000 -288.6961392278 -2886384.000000 -288.6961392278 288.6961392278 -1.0000000000 -300.0000000000 300.0000000000 -1.0000000000
0.800000 288.7427485497 -1.0000000000 -288.7427485497 -2886850.000000 -288.7427485497 288.7427485497 -1.0000000000 -295.8600000000 295.8600000000 -1.0000000000
0.900000 292.6933386677 -1.0000000000 -292.6933386677 -2926348.000000 -292.6933386677 292.6933386677 -1.0000000000 -300.0000000000 300.0000000000 -1.0000000000
1.000000 224.5935187037 -1.0000000000 -224.5935187037 -2245486.000000 -224.5935187037 224.5935187037 -1.0000000000 -300.0000000000 300.0000000000 -1.0000000000
