
0.000000 284.2119423885 -1.0000000000 -284.2119423885 -2841551.000000 -284.2119423885 284.2119423885 -1.0000000000 -300.0000000000 300.0000000000 -1.0000000000
0.100000 265.3789757952 -1.0000000000 -265.3789757952 -2653259.000000 -265.3789757952 265.3789757952 -1.0000000000 -300.0000000000 300.0000000000 -1.0000000000
0.200000 286.2560512102 -1.0000000000 -286.2560512102 -2861988.000000 -286.2560512102 286.2560512102 -1.0000000000 -279.4000000000 279.4000000000 -1.0000000000
0.300000 297.3864772955 -1.0000000000 -297.3864772955 -2973270.000000 -297.3864772955 297.3864772955 -1.0000000000 -300.0000000000 300.0000000000 -1.0000000000
0.400000 287.5448089618 -1.0000000000 -287.5448089618 -2874873.000000 -287.5448089618 287.5448089618 -1.0000000000 -300.0000000000 300.0000000000 -1.0000000000
0.500000 298.0189037808 -1.0000000000 -298.0189037808 -2979593.000000 -298.0189037808 298.0189037808 -1.0000000000 -300.0000000000 300.0000000000 -1.0000000000
0.600000 299.3766753351 -1.0000000000 -299.3766753351 -2993168.000000 -299.3766753351 299.3766753351 -1.0000000000 -300.0000000000 300.0000000000 -1.0000000000
0.700000 284.7267453491 -1.0000000000 -284.7267453491 -2846698.000000 -284.7267453491 284.7267453491 -1.0000000000 -287.3000000000 287.3000000000 -1.0000000000
0.800000 265.8798759752 -1.0000000000 -265.8798759752 -2658267.000000 -265.8798759752 265.8798759752 -1.0000000000 -300.0000000000 300.0000000000 -1.0000000000
0.900000 263.2918583717 -1.0000000000 -263.2918583717 -2632392.000000 -263.2918583717 263.2918583717 -1.0000000000 -268.9000000000 268.9000000000 -1.0000000000
1.000000 280.1479295859 -1.0000000000 -280.1479295859 -2800919.000000 -280.1479295859 280.1479295859 -1.0000000000 -300.0000000000 300.0000000000 -1.0000000000
0.000000 263.1950390078 -1.0000000000 -263.1950390078 -2631424.000000 -263.1950390078 263.1950390078 -1.0000000000 -228.3000000000 228.3000000000 -1.0000000000
0.100000 239.9055811162 -1.0000000000 -239.9055811162 -2398576.000000 -239.9055811162 239.9055811162 -1.0000000000 -290.1600000000 290.1600000000 -1.0000000000
0.200000 280.4309861972 -1.0000000000 -280.4309861972 -2803749.000000 -280.4309861972 280.4309861972 -1.0000000000 -300.0000000000 300.0000000000 -1.0000000000
0.300000 241.5975195039 -1.0000000000 -241.5975195039 -2415492.000000 -241.5975195039 241.5975195039 -1.0000000000 -232.8800000000 232.8800000000 -1.0000000000
0.400000 293.6993398680 -1.0000000000 -293.6993398680 -2936406.000000 -293.6993398680 293.6993398680 -1.0000000000 -300.0000000000 300.0000000000 -1.0000000000
0.500000 210.9319863973 -1.0000000000 -210.9319863973 -2108898.000000 -210.9319863973 210.9319863973 -1.0000000000 -196.5200000000 196.5200000000 -1.0000000000
0.600000 275.5843168634 -1.0000000000 -275.5843168634 -2755292.000000 -275.5843168634 275.5843168634 -1.0000000000 -145.8000000000 145.8000000000 -1.0000000000
0.700000 283.2429485897 -1.0000000000 -283.2429485897 -2831863.000000 -283.2429485897 283.2429485897 -1.0000000000 -209.4800000000 209.4800000000 -1.0000000000
0.800000 287.1405281056 -1.0000000000 -287.1405281056 -2870831.000000 -287.1405281056 287.1405281056 -1.0000000000 -233.0600000000 233.0600000000 -1.0000000000
0.900000 279.7035407081 -1.0000000000 -279.7035407081 -2796476.000000 -279.7035407081 279.7035407081 -1.0000000000 -153.3600000000 153.3600000000 -1.0000000000
1.000000 185.3080616123 -1.0000000000 -185.3080616123 -1852710.000000 -185.3080616123 185.3080616123 -1.0000000000 -171.7200000000 171.7200000000 -1.0000000000