
0.000000 230.2334669339 -1.0000000000 -230.2334669339 -229773.000000 -230.2334669339 230.2334669339 -1.0000000000 -218.8000000000 218.8000000000 -1.0000000000
0.100000 227.1963927856 -1.0000000000 -227.1963927856 -226742.000000 -227.1963927856 227.1963927856 -1.0000000000 -218.8000000000 218.8000000000 -1.0000000000
0.200000 226.4809619238 -1.0000000000 -226.4809619238 -226028.000000 -226.4809619238 226.4809619238 -1.0000000000 -218.8000000000 218.8000000000 -1.0000000000
0.300000 228.7745490982 -1.0000000000 -228.7745490982 -228317.000000 -228.7745490982 228.7745490982 -1.0000000000 -218.8000000000 218.8000000000 -1.0000000000
0.400000 231.0330661323 -1.0000000000 -231.0330661323 -230571.000000 -231.0330661323 231.0330661323 -1.0000000000 -213.5600000000 213.5600000000 -1.0000000000
0.500000 224.6012024048 -1.0000000000 -224.6012024048 -224152.000000 -224.6012024048 224.6012024048 -1.0000000000 -218.8000000000 218.8000000000 -1.0000000000
0.600000 224.3276553106 -1.0000000000 -224.3276553106 -223879.000000 -224.3276553106 224.3276553106 -1.0000000000 -218.8000000000 218.8000000000 -1.0000000000
0.700000 229.7494989980 -1.0000000000 -229.7494989980 -229290.000000 -229.7494989980 229.7494989980 -1.0000000000 -218.8000000000 218.8000000000 -1.0000000000
0.800000 233.4739478958 -1.0000000000 -233.4739478958 -233007.000000 -233.4739478958 233.4739478958 -1.0000000000 -218.8000000000 218.8000000000 -1.0000000000
0.900000 233.5480961924 -1.0000000000 -233.5480961924 -233081.000000 -233.5480961924 233.5480961924 -1.0000000000 -218.8000000000 218.8000000000 -1.0000000000
1.000000 242.5140280561 -1.0000000000 -242.5140280561 -242029.000000 -242.5140280561 242.5140280561 -1.0000000000 -218.2200000000 218.2200000000 -1.0000000000