
0.000100 262.5722543353 -1.0000000000 -262.5722543353 -181700.000000 -262.5722543353 262.5722543353 -1.0000000000 -235.1800000000 235.1800000000 -1.0000000000
0.001000 262.5292439372 -1.0000000000 -262.5292439372 -184033.000000 -262.5292439372 262.5292439372 -1.0000000000 -300.0000000000 300.0000000000 -1.0000000000
0.010000 262.8696275072 -1.0000000000 -262.8696275072 -183483.000000 -262.8696275072 262.8696275072 -1.0000000000 -258.8800000000 258.8800000000 -1.0000000000
0.100000 262.2639296188 -1.0000000000 -262.2639296188 -178864.000000 -262.2639296188 262.2639296188 -1.0000000000 -279.4000000000 279.4000000000 -1.0000000000
0.000100 261.7972819932 -1.0000000000 -261.7972819932 -231167.000000 -261.7972819932 261.7972819932 -1.0000000000 -264.5600000000 264.5600000000 -1.0000000000
0.001000 261.7677564825 -1.0000000000 -261.7677564825 -232188.000000 -261.7677564825 261.7677564825 -1.0000000000 -279.4000000000 279.4000000000 -1.0000000000
0.010000 261.9453924915 -1.0000000000 -261.9453924915 -230250.000000 -261.9453924915 261.9453924915 -1.0000000000 -247.7800000000 247.7800000000 -1.0000000000
0.100000 261.3294797688 -1.0000000000 -261.3294797688 -226050.000000 -261.3294797688 261.3294797688 -1.0000000000 -292.8600000000 292.8600000000 -1.0000000000
0.200000 261.3294797688 -1.0000000000 -261.3294797688 -226050.000000 -261.3294797688 261.3294797688 -1.0000000000 -292.8600000000 292.8600000000 -1.0000000000
0.500000 261.2847222222 -1.0000000000 -261.2847222222 -225750.000000 -261.2847222222 261.2847222222 -1.0000000000 -300.0000000000 300.0000000000 -1.0000000000
0.700000 261.2847222222 -1.0000000000 -261.2847222222 -225750.000000 -261.2847222222 261.2847222222 -1.0000000000 -300.0000000000 300.0000000000 -1.0000000000
0.900000 261.5074798619 -1.0000000000 -261.5074798619 -227250.000000 -261.5074798619 261.5074798619 -1.0000000000 -300.0000000000 300.0000000000 -1.0000000000
1.000000 261.5517241379 -1.0000000000 -261.5517241379 -227550.000000 -261.5517241379 261.5517241379 -1.0000000000 -294.4600000000 294.4600000000 -1.0000000000
0.000100 259.8657314629 -1.0000000000 -259.8657314629 -259346.000000 -259.8657314629 259.8657314629 -1.0000000000 -274.4800000000 274.4800000000 -1.0000000000
0.001000 259.8657314629 -1.0000000000 -259.8657314629 -259346.000000 -259.8657314629 259.8657314629 -1.0000000000 -274.4800000000 274.4800000000 -1.0000000000
0.010000 259.8657314629 -1.0000000000 -259.8657314629 -259346.000000 -259.8657314629 259.8657314629 -1.0000000000 -274.4800000000 274.4800000000 -1.0000000000
0.100000 259.8657314629 -1.0000000000 -259.8657314629 -259346.000000 -259.8657314629 259.8657314629 -1.0000000000 -274.4800000000 274.4800000000 -1.0000000000
0.200000 259.8657314629 -1.0000000000 -259.8657314629 -259346.000000 -259.8657314629 259.8657314629 -1.0000000000 -274.4800000000 274.4800000000 -1.0000000000
0.500000 259.8657314629 -1.0000000000 -259.8657314629 -259346.000000 -259.8657314629 259.8657314629 -1.0000000000 -274.4800000000 274.4800000000 -1.0000000000
0.700000 259.8657314629 -1.0000000000 -259.8657314629 -259346.000000 -259.8657314629 259.8657314629 -1.0000000000 -274.4800000000 274.4800000000 -1.0000000000
0.900000 259.8657314629 -1.0000000000 -259.8657314629 -259346.000000 -259.8657314629 259.8657314629 -1.0000000000 -274.4800000000 274.4800000000 -1.0000000000
1.000000 259.8657314629 -1.0000000000 -259.8657314629 -259346.000000 -259.8657314629 259.8657314629 -1.0000000000 -274.4800000000 274.4800000000 -1.0000000000