
0.000000 298.7647529506 -1.0000000000 -298.7647529506 -2987050.000000 -298.7647529506 298.7647529506 -1.0000000000 -300.0000000000 300.0000000000 -1.0000000000
0.100000 298.0865173035 -1.0000000000 -298.0865173035 -2980269.000000 -298.0865173035 298.0865173035 -1.0000000000 -300.0000000000 300.0000000000 -1.0000000000
0.200000 243.5070014003 -1.0000000000 -243.5070014003 -2434583.000000 -243.5070014003 243.5070014003 -1.0000000000 -279.4000000000 279.4000000000 -1.0000000000
0.300000 279.3924784957 -1.0000000000 -279.3924784957 -2793366.000000 -279.3924784957 279.3924784957 -1.0000000000 -177.5600000000 177.5600000000 -1.0000000000
0.400000 289.3111622324 -1.0000000000 -289.3111622324 -2892533.000000 -289.3111622324 289.3111622324 -1.0000000000 -300.0000000000 300.0000000000 -1.0000000000
0.500000 262.8454690938 -1.0000000000 -262.8454690938 -2627929.000000 -262.8454690938 262.8454690938 -1.0000000000 -155.4000000000 155.4000000000 -1.0000000000
0.600000 293.1626325265 -1.0000000000 -293.1626325265 -2931040.000000 -293.1626325265 293.1626325265 -1.0000000000 -279.4000000000 279.4000000000 -1.0000000000
0.700000 288.2167433487 -1.0000000000 -288.2167433487 -2881591.000000 -288.2167433487 288.2167433487 -1.0000000000 -279.4000000000 279.4000000000 -1.0000000000
0.800000 271.4379875975 -1.0000000000 -271.4379875975 -2713837.000000 -271.4379875975 271.4379875975 -1.0000000000 -300.0000000000 300.0000000000 -1.0000000000
0.900000 267.8337667534 -1.0000000000 -267.8337667534 -2677802.000000 -267.8337667534 267.8337667534 -1.0000000000 -300.0000000000 300.0000000000 -1.0000000000
1.000000 276.7487497499 -1.0000000000 -276.7487497499 -2766934.000000 -276.7487497499 276.7487497499 -1.0000000000 -300.0000000000 300.0000000000 -1.0000000000