0.000000 274.5352070414 -1.0000000000 -274.5352070414 -2744803.000000 -274.5352070414 274.5352070414 -1.0000000000 -300.0000000000 300.0000000000 -1.0000000000
0.100000 255.5019003801 -1.0000000000 -255.5019003801 -2554508.000000 -255.5019003801 255.5019003801 -1.0000000000 -300.0000000000 300.0000000000 -1.0000000000
0.200000 281.8919783957 -1.0000000000 -281.8919783957 -2818356.000000 -281.8919783957 281.8919783957 -1.0000000000 -300.0000000000 300.0000000000 -1.0000000000
0.300000 275.5843168634 -1.0000000000 -275.5843168634 -2755292.000000 -275.5843168634 275.5843168634 -1.0000000000 -145.8000000000 145.8000000000 -1.0000000000
0.400000 275.6356271254 -1.0000000000 -275.6356271254 -2755805.000000 -275.6356271254 275.6356271254 -1.0000000000 -156.8000000000 156.8000000000 -1.0000000000
0.500000 263.9889977996 -1.0000000000 -263.9889977996 -2639362.000000 -263.9889977996 263.9889977996 -1.0000000000 -300.0000000000 300.0000000000 -1.0000000000
0.600000 294.8828765753 -1.0000000000 -294.8828765753 -2948239.000000 -294.8828765753 294.8828765753 -1.0000000000 -251.7800000000 251.7800000000 -1.0000000000
0.700000 232.5005001000 -1.0000000000 -232.5005001000 -2324540.000000 -232.5005001000 232.5005001000 -1.0000000000 -235.8600000000 235.8600000000 -1.0000000000
0.800000 259.1552310462 -1.0000000000 -259.1552310462 -2591034.000000 -259.1552310462 259.1552310462 -1.0000000000 -203.1000000000 203.1000000000 -1.0000000000
0.900000 280.2475495099 -1.0000000000 -280.2475495099 -2801915.000000 -280.2475495099 280.2475495099 -1.0000000000 -300.0000000000 300.0000000000 -1.0000000000
