
0.000000 282.6996399280 -1.0000000000 -282.6996399280 -2826431.000000 -282.6996399280 282.6996399280 -1.0000000000 -192.6400000000 192.6400000000 -1.0000000000
0.100000 232.4469893979 -1.0000000000 -232.4469893979 -2324005.000000 -232.4469893979 232.4469893979 -1.0000000000 -300.0000000000 300.0000000000 -1.0000000000
0.200000 264.8110622124 -1.0000000000 -264.8110622124 -2647581.000000 -264.8110622124 264.8110622124 -1.0000000000 -300.0000000000 300.0000000000 -1.0000000000
0.300000 299.3766753351 -1.0000000000 -299.3766753351 -2993168.000000 -299.3766753351 299.3766753351 -1.0000000000 -300.0000000000 300.0000000000 -1.0000000000
0.400000 266.0421084217 -1.0000000000 -266.0421084217 -2659889.000000 -266.0421084217 266.0421084217 -1.0000000000 -300.0000000000 300.0000000000 -1.0000000000
0.500000 277.2604520904 -1.0000000000 -277.2604520904 -2772050.000000 -277.2604520904 277.2604520904 -1.0000000000 -279.5200000000 279.5200000000 -1.0000000000
0.600000 247.3190638128 -1.0000000000 -247.3190638128 -2472696.000000 -247.3190638128 247.3190638128 -1.0000000000 -259.9400000000 259.9400000000 -1.0000000000
0.700000 295.8893778756 -1.0000000000 -295.8893778756 -2958302.000000 -295.8893778756 295.8893778756 -1.0000000000 -255.6600000000 255.6600000000 -1.0000000000
0.800000 279.8848769754 -1.0000000000 -279.8848769754 -2798289.000000 -279.8848769754 279.8848769754 -1.0000000000 -300.0000000000 300.0000000000 -1.0000000000
0.900000 252.9029805961 -1.0000000000 -252.9029805961 -2528524.000000 -252.9029805961 252.9029805961 -1.0000000000 -279.4000000000 279.4000000000 -1.0000000000