
0.000000 254.9330406147 -1.0000000000 -254.9330406147 -232244.000000 -254.9330406147 254.9330406147 -1.0000000000 -294.5200000000 294.5200000000 -1.0000000000
0.001000 268.6298472385 -1.0000000000 -268.6298472385 -228604.000000 -268.6298472385 268.6298472385 -1.0000000000 -300.0000000000 300.0000000000 -1.0000000000
0.010000 261.7972819932 -1.0000000000 -261.7972819932 -231167.000000 -261.7972819932 261.7972819932 -1.0000000000 -264.5600000000 264.5600000000 -1.0000000000
0.100000 284.1116564417 -1.0000000000 -284.1116564417 -231551.000000 -284.1116564417 284.1116564417 -1.0000000000 -300.0000000000 300.0000000000 -1.0000000000
0.200000 282.0680437424 -1.0000000000 -282.0680437424 -232142.000000 -282.0680437424 282.0680437424 -1.0000000000 -300.0000000000 300.0000000000 -1.0000000000
0.500000 293.8640406607 -1.0000000000 -293.8640406607 -231271.000000 -293.8640406607 293.8640406607 -1.0000000000 -223.4600000000 223.4600000000 -1.0000000000
0.000000 254.8266533066 -1.0000000000 -254.8266533066 -254317.000000 -254.8266533066 254.8266533066 -1.0000000000 -278.1400000000 278.1400000000 -1.0000000000
0.001000 266.8897795591 -1.0000000000 -266.8897795591 -266356.000000 -266.8897795591 266.8897795591 -1.0000000000 -236.3000000000 236.3000000000 -1.0000000000
0.010000 259.8657314629 -1.0000000000 -259.8657314629 -259346.000000 -259.8657314629 259.8657314629 -1.0000000000 -274.4800000000 274.4800000000 -1.0000000000
0.100000 284.7174348697 -1.0000000000 -284.7174348697 -284148.000000 -284.7174348697 284.7174348697 -1.0000000000 -300.0000000000 300.0000000000 -1.0000000000
0.200000 281.2044088176 -1.0000000000 -281.2044088176 -280642.000000 -281.2044088176 281.2044088176 -1.0000000000 -300.0000000000 300.0000000000 -1.0000000000
0.500000 294.4919839679 -1.0000000000 -294.4919839679 -293903.000000 -294.4919839679 294.4919839679 -1.0000000000 -279.4000000000 279.4000000000 -1.0000000000