
0.000000 269.1680376028 -1.0000000000 -269.1680376028 -229062.000000 -269.1680376028 269.1680376028 -1.0000000000 -226.1600000000 226.1600000000 -1.0000000000
0.100000 264.1572327044 -1.0000000000 -264.1572327044 -210005.000000 -264.1572327044 264.1572327044 -1.0000000000 -300.0000000000 300.0000000000 -1.0000000000
0.200000 265.8965517241 -1.0000000000 -265.8965517241 -231330.000000 -265.8965517241 265.8965517241 -1.0000000000 -279.4000000000 279.4000000000 -1.0000000000
0.300000 262.8002594034 -1.0000000000 -262.8002594034 -202619.000000 -262.8002594034 262.8002594034 -1.0000000000 -279.4000000000 279.4000000000 -1.0000000000
0.400000 262.0119047619 -1.0000000000 -262.0119047619 -176072.000000 -262.0119047619 262.0119047619 -1.0000000000 -279.4000000000 279.4000000000 -1.0000000000
0.500000 257.1994219653 -1.0000000000 -257.1994219653 -177982.000000 -257.1994219653 257.1994219653 -1.0000000000 -300.0000000000 300.0000000000 -1.0000000000
0.600000 256.7161961367 -1.0000000000 -256.7161961367 -172770.000000 -256.7161961367 256.7161961367 -1.0000000000 -266.2000000000 266.2000000000 -1.0000000000
0.700000 257.2496194825 -1.0000000000 -257.2496194825 -169013.000000 -257.2496194825 257.2496194825 -1.0000000000 -300.0000000000 300.0000000000 -1.0000000000
0.800000 274.1968253968 -1.0000000000 -274.1968253968 -172744.000000 -274.1968253968 274.1968253968 -1.0000000000 -218.8000000000 218.8000000000 -1.0000000000
0.900000 278.4616695060 -1.0000000000 -278.4616695060 -163457.000000 -278.4616695060 278.4616695060 -1.0000000000 -300.0000000000 300.0000000000 -1.0000000000
0.000000 270.0891783567 -1.0000000000 -270.0891783567 -269549.000000 -270.0891783567 270.0891783567 -1.0000000000 -300.0000000000 300.0000000000 -1.0000000000
0.100000 264.5110220441 -1.0000000000 -264.5110220441 -263982.000000 -264.5110220441 264.5110220441 -1.0000000000 -218.8000000000 218.8000000000 -1.0000000000
0.200000 264.8667334669 -1.0000000000 -264.8667334669 -264337.000000 -264.8667334669 264.8667334669 -1.0000000000 -197.8600000000 197.8600000000 -1.0000000000
0.300000 263.7895791583 -1.0000000000 -263.7895791583 -263262.000000 -263.7895791583 263.7895791583 -1.0000000000 -300.0000000000 300.0000000000 -1.0000000000
0.400000 259.8657314629 -1.0000000000 -259.8657314629 -259346.000000 -259.8657314629 259.8657314629 -1.0000000000 -274.4800000000 274.4800000000 -1.0000000000
0.500000 256.9689378758 -1.0000000000 -256.9689378758 -256455.000000 -256.9689378758 256.9689378758 -1.0000000000 -232.7400000000 232.7400000000 -1.0000000000
0.600000 254.0981963928 -1.0000000000 -254.0981963928 -253590.000000 -254.0981963928 254.0981963928 -1.0000000000 -198.2800000000 198.2800000000 -1.0000000000
0.700000 259.5601202405 -1.0000000000 -259.5601202405 -259041.000000 -259.5601202405 259.5601202405 -1.0000000000 -221.5400000000 221.5400000000 -1.0000000000