0.000000 263.1950390078 -1.0000000000 -263.1950390078 -2631424.000000 -263.1950390078 263.1950390078 -1.0000000000 -228.3000000000 228.3000000000 -1.0000000000
0.100000 239.9055811162 -1.0000000000 -239.9055811162 -2398576.000000 -239.9055811162 239.9055811162 -1.0000000000 -290.1600000000 290.1600000000 -1.0000000000
0.200000 280.4309861972 -1.0000000000 -280.4309861972 -2803749.000000 -280.4309861972 280.4309861972 -1.0000000000 -300.0000000000 300.0000000000 -1.0000000000
0.300000 241.5975195039 -1.0000000000 -241.5975195039 -2415492.000000 -241.5975195039 241.5975195039 -1.0000000000 -232.8800000000 232.8800000000 -1.0000000000
0.400000 293.6993398680 -1.0000000000 -293.6993398680 -2936406.000000 -293.6993398680 293.6993398680 -1.0000000000 -300.0000000000 300.0000000000 -1.0000000000
0.500000 210.9319863973 -1.0000000000 -210.9319863973 -2108898.000000 -210.9319863973 210.9319863973 -1.0000000000 -196.5200000000 196.5200000000 -1.0000000000
0.600000 275.5843168634 -1.0000000000 -275.5843168634 -2755292.000000 -275.5843168634 275.5843168634 -1.0000000000 -145.8000000000 145.8000000000 -1.0000000000
0.700000 283.2429485897 -1.0000000000 -283.2429485897 -2831863.000000 -283.2429485897 283.2429485897 -1.0000000000 -209.4800000000 209.4800000000 -1.0000000000
0.800000 287.1405281056 -1.0000000000 -287.1405281056 -2870831.000000 -287.1405281056 287.1405281056 -1.0000000000 -233.0600000000 233.0600000000 -1.0000000000
0.900000 279.7035407081 -1.0000000000 -279.7035407081 -2796476.000000 -279.7035407081 279.7035407081 -1.0000000000 -153.3600000000 153.3600000000 -1.0000000000
1.000000 185.3080616123 -1.0000000000 -185.3080616123 -1852710.000000 -185.3080616123 185.3080616123 -1.0000000000 -171.7200000000 171.7200000000 -1.0000000000
