
0.000000 263.7807561512 -1.0000000000 -263.7807561512 -2637280.000000 -263.7807561512 263.7807561512 -1.0000000000 -300.0000000000 300.0000000000 -1.0000000000
0.100000 274.8680736147 -1.0000000000 -274.8680736147 -2748131.000000 -274.8680736147 274.8680736147 -1.0000000000 -300.0000000000 300.0000000000 -1.0000000000
0.200000 285.8147629526 -1.0000000000 -285.8147629526 -2857576.000000 -285.8147629526 285.8147629526 -1.0000000000 -244.1000000000 244.1000000000 -1.0000000000
0.300000 263.5362072414 -1.0000000000 -263.5362072414 -2634835.000000 -263.5362072414 263.5362072414 -1.0000000000 -291.4600000000 291.4600000000 -1.0000000000
0.400000 299.3766753351 -1.0000000000 -299.3766753351 -2993168.000000 -299.3766753351 299.3766753351 -1.0000000000 -300.0000000000 300.0000000000 -1.0000000000
0.500000 297.7629525905 -1.0000000000 -297.7629525905 -2977034.000000 -297.7629525905 297.7629525905 -1.0000000000 -300.0000000000 300.0000000000 -1.0000000000
0.600000 284.1714342869 -1.0000000000 -284.1714342869 -2841146.000000 -284.1714342869 284.1714342869 -1.0000000000 -300.0000000000 300.0000000000 -1.0000000000
0.700000 285.2537507502 -1.0000000000 -285.2537507502 -2851967.000000 -285.2537507502 285.2537507502 -1.0000000000 -300.0000000000 300.0000000000 -1.0000000000
0.800000 270.5414082817 -1.0000000000 -270.5414082817 -2704873.000000 -270.5414082817 270.5414082817 -1.0000000000 -294.4600000000 294.4600000000 -1.0000000000
0.900000 288.6827365473 -1.0000000000 -288.6827365473 -2886250.000000 -288.6827365473 288.6827365473 -1.0000000000 -244.1200000000 244.1200000000 -1.0000000000
1.000000 274.1780356071 -1.0000000000 -274.1780356071 -2741232.000000 -274.1780356071 274.1780356071 -1.0000000000 -300.0000000000 300.0000000000 -1.0000000000