
0.000000 252.3874774955 -1.0000000000 -252.3874774955 -2523370.000000 -252.3874774955 252.3874774955 -1.0000000000 -219.2400000000 219.2400000000 -1.0000000000
0.100000 283.7435487097 -1.0000000000 -283.7435487097 -2836868.000000 -283.7435487097 283.7435487097 -1.0000000000 -300.0000000000 300.0000000000 -1.0000000000
0.200000 270.9519903981 -1.0000000000 -270.9519903981 -2708978.000000 -270.9519903981 270.9519903981 -1.0000000000 -266.7800000000 266.7800000000 -1.0000000000
0.300000 281.9141828366 -1.0000000000 -281.9141828366 -2818578.000000 -281.9141828366 281.9141828366 -1.0000000000 -279.5800000000 279.5800000000 -1.0000000000
0.400000 275.5843168634 -1.0000000000 -275.5843168634 -2755292.000000 -275.5843168634 275.5843168634 -1.0000000000 -145.8000000000 145.8000000000 -1.0000000000
0.500000 236.7021404281 -1.0000000000 -236.7021404281 -2366548.000000 -236.7021404281 236.7021404281 -1.0000000000 -294.4600000000 294.4600000000 -1.0000000000
0.600000 280.4346869374 -1.0000000000 -280.4346869374 -2803786.000000 -280.4346869374 280.4346869374 -1.0000000000 -300.0000000000 300.0000000000 -1.0000000000
0.700000 286.5492098420 -1.0000000000 -286.5492098420 -2864919.000000 -286.5492098420 286.5492098420 -1.0000000000 -300.0000000000 300.0000000000 -1.0000000000
0.800000 275.5667133427 -1.0000000000 -275.5667133427 -2755116.000000 -275.5667133427 275.5667133427 -1.0000000000 -239.3000000000 239.3000000000 -1.0000000000
0.900000 269.0404080816 -1.0000000000 -269.0404080816 -2689866.000000 -269.0404080816 269.0404080816 -1.0000000000 -273.3800000000 273.3800000000 -1.0000000000
1.000000 249.6809361872 -1.0000000000 -249.6809361872 -2496310.000000 -249.6809361872 249.6809361872 -1.0000000000 -220.5400000000 220.5400000000 -1.0000000000
