
0.000000 291.7362472494 0.8732427105 254.7565513103 2547056.000000 254.7565513103 291.7362472494 0.8732427105 280.8200000000 299.9200000000 0.9363163510
0.100000 291.7372474495 0.8725708305 254.5614122825 2545105.000000 254.5614122825 291.7372474495 0.8725708305 240.6600000000 299.8000000000 0.8027351568
0.200000 291.7367473495 0.8706380040 253.9970994199 2539463.000000 253.9970994199 291.7367473495 0.8706380040 300.8800000000 300.0000000000 1.0029333333
0.300000 291.7385477095 0.8720132529 254.3998799760 2543490.000000 254.3998799760 291.7385477095 0.8720132529 280.8400000000 299.9600000000 0.9362581678
0.400000 291.7386477295 0.8679194310 253.2056411282 2531550.000000 253.2056411282 291.7386477295 0.8679194310 280.8000000000 299.9400000000 0.9361872374
0.500000 291.7279455891 0.8627590945 251.6909381876 2516406.000000 251.6909381876 291.7279455891 0.8627590945 240.6800000000 299.8200000000 0.8027483157
0.600000 291.7363472695 0.8793032042 256.5247049410 2564734.000000 256.5247049410 291.7363472695 0.8793032042 260.7400000000 299.8800000000 0.8694811258
0.700000 291.7408481696 0.8844730143 258.0369073815 2579853.000000 258.0369073815 291.7408481696 0.8844730143 280.8200000000 299.9400000000 0.9362539175
0.800000 291.7452490498 0.8883048913 259.1587317463 2591069.000000 259.1587317463 291.7452490498 0.8883048913 300.9200000000 300.0000000000 1.0030666667
0.900000 291.7422484497 0.8878793104 259.0319063813 2589801.000000 259.0319063813 291.7422484497 0.8878793104 280.7600000000 299.9000000000 0.9361787262
1.000000 291.7444488898 0.8886282205 259.2523504701 2592005.000000 259.2523504701 291.7444488898 0.8886282205 280.8400000000 299.9600000000 0.9362581678