
0.000000 32.6195239048 -29.5359089933 -963.4472894579 -9632546.000000 -963.4472894579 32.6195239048 -29.5359089933 -965.1200000000 34.4400000000 -28.0232288037
0.100000 44.5757151430 -21.4049000601 -954.1387277455 -9539479.000000 -954.1387277455 44.5757151430 -21.4049000601 -952.0200000000 47.1200000000 -20.2041595925
0.200000 16.6868373675 -58.8977013217 -982.8163632727 -9826198.000000 -982.8163632727 16.6868373675 -58.8977013217 -976.5000000000 22.7000000000 -43.0176211454
0.300000 15.6315263053 -62.9473010673 -983.9623924785 -9837656.000000 -983.9623924785 15.6315263053 -62.9473010673 -984.4200000000 15.2000000000 -64.7644736842
0.400000 14.4115823165 -68.3620243325 -985.2049409882 -9850079.000000 -985.2049409882 14.4115823165 -68.3620243325 -985.2200000000 14.3600000000 -68.6086350975
0.500000 32.8077615523 -29.4546845847 -966.3422684537 -9661490.000000 -966.3422684537 32.8077615523 -29.4546845847 -963.0600000000 36.0000000000 -26.7516666667
0.600000 52.8687737548 -17.8321376816 -942.7632526505 -9425747.000000 -942.7632526505 52.8687737548 -17.8321376816 -883.9600000000 94.3200000000 -9.3719253605
0.700000 32.8083616723 -29.3211073783 -961.9774954991 -9617851.000000 -961.9774954991 32.8083616723 -29.3211073783 -968.0800000000 31.6200000000 -30.6160657812
0.800000 279.1196239248 0.7278500472 203.1572314463 2031166.000000 203.1572314463 279.1196239248 0.7278500472 279.2600000000 294.5200000000 0.9481868803
0.900000 291.7367473495 0.8706380040 253.9970994199 2539463.000000 253.9970994199 291.7367473495 0.8706380040 300.8800000000 300.0000000000 1.0029333333