
0.000000 17.6072144289 -55.7732187571 -982.0110220441 -980047.000000 -982.0110220441 17.6072144289 -55.7732187571 -987.2800000000 12.4200000000 -79.4911433172
0.100000 17.0000000000 -57.8037840387 -982.6643286573 -980699.000000 -982.6643286573 17.0000000000 -57.8037840387 -986.1400000000 13.6800000000 -72.0862573099
0.200000 18.6893787575 -52.4878833369 -980.9659318637 -979004.000000 -980.9659318637 18.6893787575 -52.4878833369 -984.6000000000 15.1600000000 -64.9472295515
0.300000 16.6673346693 -58.9761332211 -982.9749498998 -981009.000000 -982.9749498998 16.6673346693 -58.9761332211 -987.0600000000 12.7400000000 -77.4772370487
0.400000 17.8657314629 -54.9520471116 -981.7585170341 -979795.000000 -981.7585170341 17.8657314629 -54.9520471116 -986.7200000000 13.0800000000 -75.4373088685
0.500000 16.6382765531 -59.0782294490 -982.9599198397 -980994.000000 -982.9599198397 16.6382765531 -59.0782294490 -986.7000000000 13.1200000000 -75.2057926829
0.600000 17.6142284569 -55.7505546391 -982.0030060120 -980039.000000 -982.0030060120 17.6142284569 -55.7505546391 -986.8800000000 12.9200000000 -76.3839009288
0.700000 17.0060120240 -57.7840560924 -982.6763527054 -980711.000000 -982.6763527054 17.0060120240 -57.7840560924 -987.0400000000 12.6600000000 -77.9652448657
0.800000 16.9969939880 -57.8108235572 -982.6102204409 -980645.000000 -982.6102204409 16.9969939880 -57.8108235572 -985.7200000000 14.0800000000 -70.0085227273
0.900000 19.3527054108 -50.6528942736 -980.2705410822 -978310.000000 -980.2705410822 19.3527054108 -50.6528942736 -982.0200000000 17.4400000000 -56.3084862385
0.000000 27.5971943888 -35.1754411444 -970.7434869739 -968802.000000 -970.7434869739 27.5971943888 -35.1754411444 -984.4600000000 15.2800000000 -64.4280104712
0.100000 27.6252505010 -35.1418933624 -970.8036072144 -968862.000000 -970.8036072144 27.6252505010 -35.1418933624 -983.8000000000 15.8000000000 -62.2658227848
0.200000 27.5581162325 -35.2629531324 -971.7805611222 -969837.000000 -971.7805611222 27.5581162325 -35.2629531324 -983.0000000000 16.5600000000 -59.3599033816
0.300000 27.4228456914 -35.4438760596 -971.9719438878 -970028.000000 -971.9719438878 27.4228456914 -35.4438760596 -973.8600000000 25.1800000000 -38.6759332804
0.400000 27.1553106212 -35.8044352607 -972.2805611222 -970336.000000 -972.2805611222 27.1553106212 -35.8044352607 -982.5400000000 17.0600000000 -57.5932004689
0.500000 27.1583166333 -35.8007674144 -972.2885771543 -970344.000000 -972.2885771543 27.1583166333 -35.8007674144 -969.5000000000 30.1200000000 -32.1879150066
0.600000 26.7114228457 -36.4163853252 -972.7334669339 -970788.000000 -972.7334669339 26.7114228457 -36.4163853252 -974.3600000000 24.9800000000 -39.0056044836
0.700000 28.8286573146 -33.6644885475 -970.5020040080 -968561.000000 -970.5020040080 28.8286573146 -33.6644885475 -970.5400000000 27.7400000000 -34.9870223504
0.800000 28.2204408818 -34.4135421105 -971.1653306613 -969223.000000 -971.1653306613 28.2204408818 -34.4135421105 -969.7000000000 29.7400000000 -32.6059179556
0.900000 28.9168336673 -33.5629439690 -970.5340681363 -968593.000000 -970.5340681363 28.9168336673 -33.5629439690 -976.3200000000 23.2000000000 -42.0827586207
0.000000 30.8659217877 -31.3817194570 -968.6256983240 -173384.000000 -968.6256983240 30.8659217877 -31.3817194570 -980.8400000000 18.8400000000 -52.0615711253
0.100000 30.4615384615 -31.8060966811 -968.8626373626 -176333.000000 -968.8626373626 30.4615384615 -31.8060966811 -967.5000000000 31.4800000000 -30.7337992376
0.200000 30.9550561798 -31.2831215971 -968.3707865169 -172370.000000 -968.3707865169 30.9550561798 -31.2831215971 -969.6400000000 29.5400000000 -32.8246445498
0.300000 29.0327868852 -33.4265010352 -970.4644808743 -177595.000000 -970.4644808743 29.0327868852 -33.4265010352 -970.4600000000 28.9400000000 -33.5335176227
0.400000 29.0368421053 -33.4228747508 -970.4947368421 -184394.000000 -970.4947368421 29.0368421053 -33.4228747508 -968.2400000000 31.3400000000 -30.8947032546
0.500000 32.4210526316 -29.8237734488 -966.9181286550 -165343.000000 -966.9181286550 32.4210526316 -29.8237734488 -977.7800000000 21.8400000000 -44.7701465201
0.600000 30.5384615385 -31.7290392227 -968.9560439560 -176350.000000 -968.9560439560 30.5384615385 -31.7290392227 -971.1200000000 28.3000000000 -34.3151943463
0.700000 29.9402173913 -32.3808313669 -969.4891304348 -178386.000000 -969.4891304348 29.9402173913 -32.3808313669 -969.9400000000 29.2000000000 -33.2171232877
0.800000 30.6179775281 -31.6346788991 -968.5898876404 -172409.000000 -968.5898876404 30.6179775281 -31.6346788991 -977.5600000000 21.8400000000 -44.7600732601
0.900000 32.2576687117 -29.9826930392 -967.1717791411 -157649.000000 -967.1717791411 32.2576687117 -29.9826930392 -967.6800000000 31.1200000000 -31.0951156812