
0.000000 17.2925851703 -56.8082628346 -982.3617234469 -980397.000000 -982.3617234469 17.2925851703 -56.8082628346 -985.8000000000 13.8400000000 -71.2283236994
0.100000 17.7625250501 -55.2756247532 -981.8346693387 -979871.000000 -981.8346693387 17.7625250501 -55.2756247532 -983.9200000000 15.7600000000 -62.4314720812
0.200000 17.2625250501 -56.9109589041 -982.4268537074 -980462.000000 -982.4268537074 17.2625250501 -56.9109589041 -986.2800000000 13.5000000000 -73.0577777778
0.300000 15.8286573146 -62.1517376717 -983.7785571142 -981811.000000 -983.7785571142 15.8286573146 -62.1517376717 -984.4400000000 15.1400000000 -65.0224570674
0.400000 16.6903807615 -58.8911568710 -982.9158316633 -980950.000000 -982.9158316633 16.6903807615 -58.8911568710 -986.5400000000 13.1600000000 -74.9650455927
0.500000 16.2004008016 -60.7023750619 -983.4028056112 -981436.000000 -983.4028056112 16.2004008016 -60.7023750619 -984.8000000000 14.8000000000 -66.5405405405
0.600000 16.7224448898 -58.7815926658 -982.9719438878 -981006.000000 -982.9719438878 16.7224448898 -58.7815926658 -984.4800000000 15.3200000000 -64.2610966057
0.700000 16.0731462926 -61.1942522287 -983.5841683367 -981617.000000 -983.5841683367 16.0731462926 -61.1942522287 -987.1600000000 12.5200000000 -78.8466453674
0.800000 16.3156312625 -60.2755020574 -983.4328657315 -981466.000000 -983.4328657315 16.3156312625 -60.2755020574 -983.2000000000 16.4800000000 -59.6601941748
0.900000 21.9829659319 -44.4679793974 -977.5380761523 -975583.000000 -977.5380761523 21.9829659319 -44.4679793974 -981.0200000000 18.6600000000 -52.5734190782
1.000000 19.3527054108 -50.6528942736 -980.2705410822 -978310.000000 -980.2705410822 19.3527054108 -50.6528942736 -982.0200000000 17.4400000000 -56.3084862385
0.000000 22.3406813627 -43.7404915680 -977.1923847695 -975238.000000 -977.1923847695 22.3406813627 -43.7404915680 -958.1800000000 40.7400000000 -23.5193912617
0.100000 22.7535070140 -42.9309054078 -976.8286573146 -974875.000000 -976.8286573146 22.7535070140 -42.9309054078 -985.0800000000 14.7000000000 -67.0122448980
0.200000 21.4258517034 -45.6517794510 -978.1282565130 -976172.000000 -978.1282565130 21.4258517034 -45.6517794510 -986.2200000000 13.3800000000 -73.7085201794
0.300000 24.3046092184 -40.1253298153 -975.2304609218 -973280.000000 -975.2304609218 24.3046092184 -40.1253298153 -981.7000000000 17.9400000000 -54.7212931996
0.400000 20.5380761523 -47.6631214324 -978.9088176353 -976951.000000 -978.9088176353 20.5380761523 -47.6631214324 -984.7200000000 14.9400000000 -65.9116465863
0.500000 22.3867735471 -43.6499865724 -977.1823647295 -975228.000000 -977.1823647295 22.3867735471 -43.6499865724 -973.9400000000 25.1400000000 -38.7406523469
0.600000 22.4629258517 -43.4919261308 -976.9559118236 -975002.000000 -976.9559118236 22.4629258517 -43.4919261308 -921.5400000000 78.1000000000 -11.7994878361
0.700000 22.6753507014 -43.0814847548 -976.8877755511 -974934.000000 -976.8877755511 22.6753507014 -43.0814847548 -976.9800000000 22.4600000000 -43.4986642921
0.800000 21.2855711423 -45.9604104882 -978.2935871743 -976337.000000 -978.2935871743 21.2855711423 -45.9604104882 -985.7000000000 14.0800000000 -70.0071022727
0.900000 29.4438877756 -32.9459928535 -970.0581162325 -968118.000000 -970.0581162325 29.4438877756 -32.9459928535 -987.0200000000 12.7800000000 -77.2316118936
1.000000 28.9168336673 -33.5629439690 -970.5340681363 -968593.000000 -970.5340681363 28.9168336673 -33.5629439690 -976.3200000000 23.2000000000 -42.0827586207