
0.000000 28.8636727345 -33.4749306083 -966.2094418884 -9660162.000000 -966.2094418884 28.8636727345 -33.4749306083 -921.9200000000 54.7800000000 -16.8294998175
0.100000 56.8795759152 -16.5530384292 -941.5298059612 -9413415.000000 -941.5298059612 56.8795759152 -16.5530384292 -965.8600000000 33.6000000000 -28.7458333333
0.200000 14.0224044809 -70.2878398813 -985.6045209042 -9854074.000000 -985.6045209042 14.0224044809 -70.2878398813 -985.7000000000 13.9400000000 -70.7101865136
0.300000 17.6686337267 -55.5688617670 -981.8258651730 -9816295.000000 -981.8258651730 17.6686337267 -55.5688617670 -981.5400000000 17.9600000000 -54.6514476615
0.400000 54.0169033807 -17.4951736933 -945.0351070214 -9448461.000000 -945.0351070214 54.0169033807 -17.4951736933 -941.2200000000 57.8200000000 -16.2784503632
0.500000 24.9344868974 -39.0843899797 -974.5492098420 -9743543.000000 -974.5492098420 24.9344868974 -39.0843899797 -972.0000000000 27.4800000000 -35.3711790393
0.600000 147.3678735747 -3.8694101470 -570.2267453491 -5701127.000000 -570.2267453491 147.3678735747 -3.8694101470 -464.3400000000 177.6600000000 -2.6136440392
0.700000 79.1199239848 -11.6357900539 -920.6228245649 -9204387.000000 -920.6228245649 79.1199239848 -11.6357900539 -919.7400000000 80.0600000000 -11.4881338996
0.800000 281.4783956791 0.7164877954 201.6758351670 2016355.000000 201.6758351670 281.4783956791 0.7164877954 300.4200000000 300.0000000000 1.0014000000
0.900000 291.7367473495 0.8706380040 253.9970994199 2539463.000000 253.9970994199 291.7367473495 0.8706380040 300.8800000000 300.0000000000 1.0029333333
1.000000 42.6295259052 -22.4413598930 -956.6645329066 -9564732.000000 -956.6645329066 42.6295259052 -22.4413598930 -948.3800000000 50.7000000000 -18.7057199211