
1.000000 25.1723446894 -38.7067510549 -974.3396793587 -972391.000000 -974.3396793587 25.1723446894 -38.7067510549 -972.9400000000 26.3400000000 -36.9377372817
5.000000 19.3527054108 -50.6528942736 -980.2705410822 -978310.000000 -980.2705410822 19.3527054108 -50.6528942736 -982.0200000000 17.4400000000 -56.3084862385
10.000000 16.2384769539 -60.5612118968 -983.4218436874 -981455.000000 -983.4218436874 16.2384769539 -60.5612118968 -986.5000000000 13.3000000000 -74.1729323308
20.000000 16.2334669339 -60.5828035306 -983.4689378758 -981502.000000 -983.4689378758 16.2334669339 -60.5828035306 -986.6600000000 13.1400000000 -75.0882800609
50.000000 15.4659318637 -63.6369938452 -984.2054108216 -982237.000000 -984.2054108216 15.4659318637 -63.6369938452 -986.8800000000 12.9200000000 -76.3839009288
1.000000 28.9168336673 -33.5629439690 -970.5340681363 -968593.000000 -970.5340681363 28.9168336673 -33.5629439690 -976.3200000000 23.2000000000 -42.0827586207
5.000000 25.8697394790 -37.6371136416 -973.6623246493 -971715.000000 -973.6623246493 25.8697394790 -37.6371136416 -969.3000000000 30.0200000000 -32.2884743504
10.000000 22.5841683367 -43.2567549581 -976.9178356713 -974964.000000 -976.9178356713 22.5841683367 -43.2567549581 -985.6600000000 13.9800000000 -70.5050071531
20.000000 19.5971943888 -50.0072604561 -980.0020040080 -978042.000000 -980.0020040080 19.5971943888 -50.0072604561 -987.3000000000 12.3800000000 -79.7495961228
50.000000 17.4498997996 -56.2891759977 -982.2404809619 -980276.000000 -982.2404809619 17.4498997996 -56.2891759977 -985.2600000000 14.5000000000 -67.9489655172