
0.000000 23.5541082164 -41.4336155188 -975.9318637275 -973980.000000 -975.9318637275 23.5541082164 -41.4336155188 -984.8000000000 14.9400000000 -65.9170013387
0.100000 25.5961923848 -38.0472890977 -973.8657314629 -971918.000000 -973.8657314629 25.5961923848 -38.0472890977 -980.7200000000 19.0400000000 -51.5084033613
0.200000 24.0661322645 -40.5303938713 -975.4098196393 -973459.000000 -975.4098196393 24.0661322645 -40.5303938713 -977.5600000000 21.9800000000 -44.4749772520
0.300000 25.3787575150 -38.3783954517 -973.9959919840 -972048.000000 -973.9959919840 25.3787575150 -38.3783954517 -983.7400000000 16.0200000000 -61.4069912609
0.400000 24.5771543086 -39.6673189824 -974.9098196393 -972960.000000 -974.9098196393 24.5771543086 -39.6673189824 -983.2600000000 16.2800000000 -60.3968058968
0.500000 24.4569138277 -39.8677482793 -975.0420841683 -973092.000000 -975.0420841683 24.4569138277 -39.8677482793 -967.9200000000 31.4800000000 -30.7471410419
0.600000 24.0731462926 -40.5194172737 -975.4298597194 -973479.000000 -975.4298597194 24.0731462926 -40.5194172737 -980.3400000000 19.3400000000 -50.6897621510
0.700000 23.6042084168 -41.3431676359 -975.8727454910 -973921.000000 -975.8727454910 23.6042084168 -41.3431676359 -976.8400000000 22.7400000000 -42.9569041337
0.800000 21.8486973948 -44.7473515249 -977.6713426854 -975716.000000 -977.6713426854 21.8486973948 -44.7473515249 -983.1800000000 16.4800000000 -59.6589805825
0.900000 21.7104208417 -45.0391840126 -977.8196392786 -975864.000000 -977.8196392786 21.7104208417 -45.0391840126 -985.1600000000 14.6000000000 -67.4767123288
1.000000 19.3527054108 -50.6528942736 -980.2705410822 -978310.000000 -980.2705410822 19.3527054108 -50.6528942736 -982.0200000000 17.4400000000 -56.3084862385
0.000000 25.8521739130 -37.6662181859 -973.7536231884 -335945.000000 -973.7536231884 25.8521739130 -37.6662181859 -966.8200000000 32.4600000000 -29.7849661121
0.100000 22.2225000000 -43.9785127686 -977.3125000000 -390925.000000 -977.3125000000 22.2225000000 -43.9785127686 -983.5000000000 16.0800000000 -61.1629353234
0.200000 29.6854304636 -32.6672615728 -969.7417218543 -292862.000000 -969.7417218543 29.6854304636 -32.6672615728 -959.9800000000 39.5400000000 -24.2787051088
0.300000 31.0103448276 -31.2298454353 -968.4482758621 -280850.000000 -968.4482758621 31.0103448276 -31.2298454353 -969.2600000000 30.0000000000 -32.3086666667
0.400000 32.8364312268 -29.4375636816 -966.6245353160 -260022.000000 -966.6245353160 32.8364312268 -29.4375636816 -864.8000000000 134.4200000000 -6.4335664336
0.500000 29.8303886926 -32.4973939825 -969.4098939929 -274343.000000 -969.4098939929 29.8303886926 -32.4973939825 -969.1600000000 29.9000000000 -32.4133779264
0.600000 29.6456953642 -32.7097062437 -969.7019867550 -292850.000000 -969.7019867550 29.6456953642 -32.7097062437 -972.8800000000 26.5600000000 -36.6295180723
0.700000 29.1830065359 -33.2492721165 -970.3137254902 -296916.000000 -970.3137254902 29.1830065359 -33.2492721165 -966.7000000000 32.6200000000 -29.6351931330
0.800000 32.4649446494 -29.7874516936 -967.0479704797 -262070.000000 -967.0479704797 32.4649446494 -29.7874516936 -971.5400000000 27.7400000000 -35.0230713771
0.900000 29.1073825503 -33.3369840904 -970.3523489933 -289165.000000 -970.3523489933 29.1073825503 -33.3369840904 -970.1800000000 29.1800000000 -33.2481151474
1.000000 28.9168336673 -33.5629439690 -970.5340681363 -968593.000000 -970.5340681363 28.9168336673 -33.5629439690 -976.3200000000 23.2000000000 -42.0827586207