
0.000100 32.8188679245 -29.4537196735 -966.6377358491 -256159.000000 -966.6377358491 32.8188679245 -29.4537196735 -971.4800000000 28.1600000000 -34.4985795455
0.000100 32.8364312268 -29.4375636816 -966.6245353160 -260022.000000 -966.6245353160 32.8364312268 -29.4375636816 -864.8000000000 134.4200000000 -6.4335664336
0.001000 32.8364312268 -29.4375636816 -966.6245353160 -260022.000000 -966.6245353160 32.8364312268 -29.4375636816 -864.8000000000 134.4200000000 -6.4335664336
0.010000 32.8364312268 -29.4375636816 -966.6245353160 -260022.000000 -966.6245353160 32.8364312268 -29.4375636816 -864.8000000000 134.4200000000 -6.4335664336
0.100000 32.8364312268 -29.4375636816 -966.6245353160 -260022.000000 -966.6245353160 32.8364312268 -29.4375636816 -864.8000000000 134.4200000000 -6.4335664336
0.200000 32.8364312268 -29.4375636816 -966.6245353160 -260022.000000 -966.6245353160 32.8364312268 -29.4375636816 -864.8000000000 134.4200000000 -6.4335664336
0.500000 32.8364312268 -29.4375636816 -966.6245353160 -260022.000000 -966.6245353160 32.8364312268 -29.4375636816 -864.8000000000 134.4200000000 -6.4335664336
0.700000 32.8364312268 -29.4375636816 -966.6245353160 -260022.000000 -966.6245353160 32.8364312268 -29.4375636816 -864.8000000000 134.4200000000 -6.4335664336
0.900000 32.8364312268 -29.4375636816 -966.6245353160 -260022.000000 -966.6245353160 32.8364312268 -29.4375636816 -864.8000000000 134.4200000000 -6.4335664336
0.000100 31.8275862069 -30.3999638859 -967.5574712644 -168355.000000 -967.5574712644 31.8275862069 -30.3999638859 -971.5800000000 28.0600000000 -34.6250890948
0.001000 31.8275862069 -30.3999638859 -967.5574712644 -168355.000000 -967.5574712644 31.8275862069 -30.3999638859 -971.5800000000 28.0600000000 -34.6250890948
0.010000 31.9306358382 -30.2985155684 -967.4508670520 -167369.000000 -967.4508670520 31.9306358382 -30.2985155684 -968.2800000000 30.8800000000 -31.3562176166
0.100000 31.9593023256 -30.2703292705 -967.4186046512 -166396.000000 -967.4186046512 31.9593023256 -30.2703292705 -966.1400000000 33.5200000000 -28.8227923628
0.200000 31.8275862069 -30.3999638859 -967.5574712644 -168355.000000 -967.5574712644 31.8275862069 -30.3999638859 -971.5800000000 28.0600000000 -34.6250890948
0.500000 31.9593023256 -30.2703292705 -967.4186046512 -166396.000000 -967.4186046512 31.9593023256 -30.2703292705 -966.1400000000 33.5200000000 -28.8227923628
0.700000 31.9306358382 -30.2985155684 -967.4508670520 -167369.000000 -967.4508670520 31.9306358382 -30.2985155684 -968.2800000000 30.8800000000 -31.3562176166
0.900000 31.8275862069 -30.3999638859 -967.5574712644 -168355.000000 -967.5574712644 31.8275862069 -30.3999638859 -971.5800000000 28.0600000000 -34.6250890948