
0.000000 28.1100220044 -34.5449217916 -971.0585117023 -9708643.000000 -971.0585117023 28.1100220044 -34.5449217916 -966.7800000000 32.9400000000 -29.3497267760
0.100000 13.5256051210 -72.9183015477 -986.2641528306 -9860669.000000 -986.2641528306 13.5256051210 -72.9183015477 -986.0800000000 13.7200000000 -71.8717201166
0.200000 80.1768353671 -10.4968114091 -841.6011202240 -8414328.000000 -841.6011202240 80.1768353671 -10.4968114091 -880.5800000000 91.9200000000 -9.5798520453
0.300000 29.6407281456 -31.3950625616 -930.5725145029 -9303864.000000 -930.5725145029 29.6407281456 -31.3950625616 -980.7800000000 18.5600000000 -52.8437500000
0.400000 40.0062012402 -23.6359986199 -945.5865173035 -9453974.000000 -945.5865173035 40.0062012402 -23.6359986199 -964.8000000000 34.7800000000 -27.7400805060
0.500000 77.9853970794 -11.3471818576 -884.9144828966 -8847375.000000 -884.9144828966 77.9853970794 -11.3471818576 -943.0200000000 56.3400000000 -16.7380191693
0.600000 17.2834566913 -56.8326620370 -982.2648529706 -9820684.000000 -982.2648529706 17.2834566913 -56.8326620370 -982.0000000000 17.5400000000 -55.9863169897
0.700000 83.6524304861 -10.9339743674 -914.6535307061 -9144706.000000 -914.6535307061 83.6524304861 -10.9339743674 -921.2200000000 78.4200000000 -11.7472583525
0.800000 48.3632726545 -19.6628792892 -950.9611922384 -9507710.000000 -950.9611922384 48.3632726545 -19.6628792892 -958.6400000000 41.0800000000 -23.3359298929
0.900000 291.7591518304 0.9483076495 276.6774354871 2766221.000000 276.6774354871 291.7591518304 0.9483076495 317.9000000000 300.0000000000 1.0596666667
1.000000 105.5857171434 -8.2649136169 -872.6568313663 -8724823.000000 -872.6568313663 105.5857171434 -8.2649136169 -783.4400000000 150.7800000000 -5.1959145775