
0.000000 29.7962592519 -32.5431465947 -969.6640328066 -9694701.000000 -969.6640328066 29.7962592519 -32.5431465947 -966.3800000000 33.2200000000 -29.0903070439
0.100000 15.1238247650 -65.0859941273 -984.3491698340 -9841523.000000 -984.3491698340 15.1238247650 -65.0859941273 -985.5800000000 14.1000000000 -69.8992907801
0.200000 134.8051610322 -3.4304531445 -462.4427885577 -4623503.000000 -462.4427885577 134.8051610322 -3.4304531445 -662.5000000000 94.7000000000 -6.9957761352
0.300000 14.0518103621 -70.1400882625 -985.5952190438 -9853981.000000 -985.5952190438 14.0518103621 -70.1400882625 -986.1600000000 13.5400000000 -72.8330871492
0.400000 37.1742348470 -25.8744470872 -961.8627725545 -9616704.000000 -961.8627725545 37.1742348470 -25.8744470872 -956.6600000000 42.3400000000 -22.5947094946
0.500000 61.7185437087 -15.1950679186 -937.8174634927 -9376299.000000 -937.8174634927 61.7185437087 -15.1950679186 -943.0400000000 56.5600000000 -16.6732673267
0.600000 15.3582716543 -64.0955637178 -984.3970794159 -9842002.000000 -984.3970794159 15.3582716543 -64.0955637178 -984.7800000000 14.9800000000 -65.7396528705
0.700000 142.4052810562 -4.0289141208 -573.7386477295 -5736239.000000 -573.7386477295 142.4052810562 -4.0289141208 -698.0000000000 141.2600000000 -4.9412430978
0.800000 45.8420684137 -20.8040206926 -953.6993398680 -9535086.000000 -953.6993398680 45.8420684137 -20.8040206926 -952.8600000000 46.9200000000 -20.3081841432
0.900000 291.7591518304 0.9483076495 276.6774354871 2766221.000000 276.6774354871 291.7591518304 0.9483076495 317.9000000000 300.0000000000 1.0596666667