
0.000000 190.7401480296 -2.8196872608 -537.8275655131 -5377200.000000 -537.8275655131 190.7401480296 -2.8196872608 218.7200000000 287.6800000000 0.7602892102
0.100000 291.5684136827 0.9169328953 267.3486697339 2672952.000000 267.3486697339 291.5684136827 0.9169328953 321.3600000000 300.0000000000 1.0712000000
0.200000 216.2031406281 -2.6350220369 -569.7000400080 -5695861.000000 -569.7000400080 216.2031406281 -2.6350220369 -812.1600000000 186.2400000000 -4.3608247423
0.300000 291.7608521704 0.9523531680 277.8593718744 2778038.000000 277.8593718744 291.7608521704 0.9523531680 321.1600000000 300.0000000000 1.0705333333
0.400000 291.7591518304 0.9483076495 276.6774354871 2766221.000000 276.6774354871 291.7591518304 0.9483076495 317.9000000000 300.0000000000 1.0596666667
0.500000 291.7130426085 0.9510211905 277.4252850570 2773698.000000 277.4252850570 291.7130426085 0.9510211905 325.5200000000 300.0000000000 1.0850666667
0.600000 187.2878575715 -2.5270365244 -473.2832566513 -4731886.000000 -473.2832566513 187.2878575715 -2.5270365244 -564.6200000000 189.3400000000 -2.9820428858
0.700000 291.7694538908 0.9687238504 282.6440288058 2825875.000000 282.6440288058 291.7694538908 0.9687238504 324.1400000000 300.0000000000 1.0804666667
0.800000 291.7694538908 0.9689994656 282.7244448890 2826679.000000 282.7244448890 291.7694538908 0.9689994656 321.8000000000 300.0000000000 1.0726666667
0.900000 291.7690538108 0.9602643989 280.1754350870 2801194.000000 280.1754350870 291.7690538108 0.9602643989 320.6400000000 300.0000000000 1.0688000000
1.000000 291.7694538908 0.9647521126 281.4851970394 2814289.000000 281.4851970394 291.7694538908 0.9647521126 323.3800000000 300.0000000000 1.0779333333