
0.000000 35.0944444444 -27.4717429159 -964.1055555556 -173539.000000 -964.1055555556 35.0944444444 -27.4717429159 -966.8000000000 31.8800000000 -30.3262233375
0.001000 30.0529801325 -32.2529748788 -969.2980132450 -146364.000000 -969.2980132450 30.0529801325 -32.2529748788 -901.9600000000 75.2800000000 -11.9814027630
0.010000 32.9788732394 -29.3004484305 -966.2957746479 -137214.000000 -966.2957746479 32.9788732394 -29.3004484305 -974.1200000000 25.3200000000 -38.4723538705
0.100000 32.0000000000 -30.2306286550 -967.3801169591 -165422.000000 -967.3801169591 32.0000000000 -30.2306286550 -971.0800000000 28.4200000000 -34.1688951443
0.200000 28.8383838384 -33.6542907180 -970.5353535354 -192166.000000 -970.5353535354 28.8383838384 -33.6542907180 -970.8400000000 28.5400000000 -34.0168185004
0.000000 38.4068965517 -25.0140061052 -960.7103448276 -139303.000000 -960.7103448276 38.4068965517 -25.0140061052 -979.3200000000 20.0600000000 -48.8195413759
0.001000 34.1875000000 -28.2325411335 -965.2000000000 -154432.000000 -965.2000000000 34.1875000000 -28.2325411335 -777.7800000000 158.3600000000 -4.9114675423
0.010000 32.8934911243 -29.3810037777 -966.4437869822 -163329.000000 -966.4437869822 32.8934911243 -29.3810037777 -970.8400000000 28.4400000000 -34.1364275668
0.100000 31.8275862069 -30.3999638859 -967.5574712644 -168355.000000 -967.5574712644 31.8275862069 -30.3999638859 -971.5800000000 28.0600000000 -34.6250890948
0.200000 28.9531250000 -33.5162799065 -970.4010416667 -186317.000000 -970.4010416667 28.9531250000 -33.5162799065 -963.7400000000 35.6000000000 -27.0713483146
0.500000 30.2747252747 -31.9987295826 -968.7527472527 -176313.000000 -968.7527472527 30.2747252747 -31.9987295826 -973.5600000000 25.8000000000 -37.7348837209