
100.000000 16.1052104208 -61.0704908853 -983.5531062124 -981586.000000 -983.5531062124 16.1052104208 -61.0704908853 -985.2600000000 14.5600000000 -67.6689560440
500.000000 17.0871743487 -57.5042514514 -982.5851703407 -980620.000000 -982.5851703407 17.0871743487 -57.5042514514 -987.4800000000 12.2400000000 -80.6764705882
750.000000 19.3527054108 -50.6528942736 -980.2705410822 -978310.000000 -980.2705410822 19.3527054108 -50.6528942736 -982.0200000000 17.4400000000 -56.3084862385
1000.000000 22.2334669339 -43.9564649150 -977.3046092184 -975350.000000 -977.3046092184 22.2334669339 -43.9564649150 -986.5000000000 13.3000000000 -74.1729323308
2000.000000 25.8697394790 -37.6371136416 -973.6623246493 -971715.000000 -973.6623246493 25.8697394790 -37.6371136416 -969.3000000000 30.0200000000 -32.2884743504
100.000000 17.2014028056 -57.1139395352 -982.4398797595 -980475.000000 -982.4398797595 17.2014028056 -57.1139395352 -986.3400000000 13.3400000000 -73.9385307346
500.000000 24.3677354709 -40.0130761956 -975.0280561122 -973078.000000 -975.0280561122 24.3677354709 -40.0130761956 -982.2200000000 17.4000000000 -56.4494252874
750.000000 25.1723446894 -38.7067510549 -974.3396793587 -972391.000000 -974.3396793587 25.1723446894 -38.7067510549 -972.9400000000 26.3400000000 -36.9377372817
1000.000000 26.8507014028 -36.2198753592 -972.5290581162 -970584.000000 -972.5290581162 26.8507014028 -36.2198753592 -982.2800000000 17.3800000000 -56.5178365938
2000.000000 28.9168336673 -33.5629439690 -970.5340681363 -968593.000000 -970.5340681363 28.9168336673 -33.5629439690 -976.3200000000 23.2000000000 -42.0827586207