-300.000000
-600.000000
-900.000000
-1187.000000
-1487.000000
-1787.000000
-2036.000000
-2336.000000
-2480.000000
-2780.000000
-3080.000000
-3291.000000
-3591.000000
-3891.000000
-4191.000000
-4491.000000
-4791.000000
-5091.000000
-5391.000000
-5621.000000
-5921.000000
-6221.000000
-6521.000000
-6613.000000
-6793.000000
-7093.000000
-7393.000000
-7483.000000
-7783.000000
-8083.000000
-8383.000000
-8683.000000
-8983.000000
-9283.000000
-9583.000000
-9883.000000
-10183.000000
-10483.000000
-10783.000000
-11083.000000
-11383.000000
-11683.000000
-11983.000000
-12283.000000
-12583.000000
-12883.000000
-13183.000000
-13279.000000
-13579.000000
-13781.000000
-13932.000000
-14232.000000
-14532.000000
-14821.000000
-15121.000000
-15421.000000
-15721.000000
-15939.000000
-16069.000000
-16369.000000
-16669.000000
-16969.000000
-17269.000000
-17311.000000
-17611.000000
-17911.000000
-18211.000000
-18511.000000
-18811.000000
-19111.000000
-19411.000000
-19503.000000
-19803.000000
-20103.000000
-20403.000000
-20703.000000
-21003.000000
-21303.000000
-21603.000000
-21903.000000
-22203.000000
-22503.000000
-22803.000000
-23103.000000
-23403.000000
-23703.000000
-24003.000000
-24303.000000
-24603.000000
-24903.000000
-25203.000000
-25503.000000
-25803.000000
-26103.000000
-26403.000000
-26703.000000
-27003.000000
-27303.000000
-27603.000000
-27903.000000
-28203.000000
-28503.000000
-28803.000000
-29103.000000
-29403.000000
-29703.000000
-30003.000000
-30303.000000
-30603.000000
-30903.000000
