-300.000000
-600.000000
-844.000000
-1020.000000
-1255.000000
-1507.000000
-1807.000000
-2107.000000
-2407.000000
-2538.000000
-2838.000000
-3138.000000
-3438.000000
-3738.000000
-4038.000000
-4338.000000
-4638.000000
-4938.000000
-5098.000000
-5398.000000
-5698.000000
-5998.000000
-6087.000000
-6387.000000
-6554.000000
-6854.000000
-7011.000000
-7311.000000
-7611.000000
-7726.000000
-8026.000000
-8119.000000
-8419.000000
-8521.000000
-8605.000000
-8828.000000
-8904.000000
-9064.000000
-9296.000000
-9596.000000
-9672.000000
-9919.000000
-10114.000000
-10153.000000
-10453.000000
-10753.000000
-11053.000000
-11144.000000
-11294.000000
-11317.000000
-11617.000000
-11782.000000
-12035.000000
-12204.000000
-12425.000000
-12666.000000
-12841.000000
-13082.000000
-13122.000000
-13349.000000
-13649.000000
-13949.000000
-14238.000000
-14278.000000
-14476.000000
-14776.000000
-15076.000000
-15376.000000
-15676.000000
-15956.000000
-16256.000000
-16556.000000
-16856.000000
-17037.000000
-17111.000000
-17411.000000
-17537.000000
-17837.000000
-17914.000000
-17965.000000
-18171.000000
-18278.000000
-18578.000000
-18747.000000
-18920.000000
-19220.000000
-19395.000000
-19473.000000
-19523.000000
-19823.000000
-19990.000000
-20077.000000
-20159.000000
-20198.000000
-20498.000000
-20798.000000
-20965.000000
-21046.000000
-21088.000000
-21111.000000
-21161.000000
-21406.000000
-21480.000000
-21780.000000
-22080.000000
-22380.000000
-22634.000000
-22888.000000
-22942.000000
-23242.000000
-23407.000000
-23546.000000
-23846.000000
-24146.000000
-24446.000000
-24494.000000
-24794.000000
-25094.000000
-25359.000000
-25627.000000
-25927.000000
-26227.000000
-26483.000000
-26520.000000
-26705.000000
-27005.000000
-27305.000000
-27605.000000
-27704.000000
-27757.000000
-27957.000000
-28040.000000
-28340.000000
-28420.000000
-28508.000000
-28808.000000
-29065.000000
-29147.000000
-29197.000000
-29474.000000
-29774.000000
-30074.000000
-30156.000000
-30195.000000
-30394.000000
-30459.000000
-30541.000000
-30841.000000
-30883.000000
-30906.000000
-30956.000000
-31215.000000
-31515.000000
-31815.000000
-32115.000000
-32415.000000
-32673.000000
-32973.000000
-33105.000000
-33405.000000
-33705.000000
-34005.000000
-34305.000000
-34605.000000
-34905.000000
-35131.000000
-35215.000000
-35361.000000
-35445.000000
-35523.000000
-35660.000000
-35906.000000
-36206.000000
-36506.000000
-36581.000000
-36790.000000
-37090.000000
-37247.000000
-37325.000000
-37369.000000
-37581.000000
-37663.000000
-37963.000000
-38263.000000
-38339.000000
-38639.000000
-38939.000000
-39017.000000
-39317.000000
-39617.000000
-39696.000000
-39996.000000
-40108.000000
-40162.000000
-40462.000000
-40684.000000
-40764.000000
-40806.000000
-40848.000000
-40871.000000
-40921.000000
-41098.000000
-41398.000000
-41698.000000
-41998.000000
-42298.000000
-42384.000000
-42528.000000
-42579.000000
-42879.000000
-43179.000000
-43479.000000
-43779.000000
-43999.000000
-44154.000000
-44454.000000
-44754.000000
-45054.000000
-45153.000000
-45237.000000
-45452.000000
-45545.000000
-45845.000000
-46025.000000
-46103.000000
-46403.000000
-46703.000000
-46795.000000
-46873.000000
-46913.000000
-47138.000000
-47438.000000
-47738.000000
-47819.000000
-47894.000000
-48045.000000
-48345.000000
-48503.000000
-48553.000000
-48844.000000
-48925.000000
-49225.000000
-49343.000000
-49384.000000
-49684.000000
-49984.000000
-50156.000000
-50198.000000
-50251.000000
-50274.000000
-50338.000000
-50416.000000
-50716.000000
-51016.000000
-51150.000000
-51450.000000
-51750.000000
-52050.000000
-52099.000000
-52399.000000
-52572.000000
-52717.000000
-53017.000000
-53228.000000
-53426.000000
-53726.000000
-53896.000000
-54196.000000
-54367.000000
-54654.000000
-54954.000000
-55037.000000
-55118.000000
-55202.000000
-55278.000000
-55578.000000
-55729.000000
-55808.000000
-55887.000000
-55956.000000
-56256.000000
-56518.000000
-56818.000000
-57001.000000
-57081.000000
-57381.000000
-57681.000000
-57765.000000
-57815.000000
-57966.000000
-58051.000000
-58351.000000
-58522.000000
-58561.000000
-58861.000000
-59161.000000
-59258.000000
-59361.000000
-59434.000000
-59457.000000
-59757.000000
-59850.000000
-60150.000000
-60450.000000
-60599.000000
-60899.000000
-60990.000000
-61290.000000
-61439.000000
-61739.000000
-61834.000000
-62134.000000
-62434.000000
-62583.000000
-62883.000000
-63183.000000
-63372.000000
-63672.000000
-63783.000000
-63889.000000
-64189.000000
-64283.000000
-64374.000000
-64411.000000
-64502.000000
-64802.000000
-65102.000000
-65197.000000
-65292.000000
-65444.000000
-65543.000000
-65646.000000
-65946.000000
-66037.000000
-66128.000000
-66428.000000
-66523.000000
-66616.000000
-66916.000000
-67216.000000
-67311.000000
-67611.000000
-67679.000000
-67768.000000
-68068.000000
-68368.000000
-68465.000000
-68581.000000
-68881.000000
-68904.000000
-69204.000000
-69297.000000
-69597.000000
-69897.000000
-70046.000000
-70346.000000
-70437.000000
-70737.000000
-70886.000000
-71186.000000
-71281.000000
-71581.000000
-71881.000000
-72030.000000
-72330.000000
-72630.000000
-72819.000000
-73119.000000
-73230.000000
-73336.000000
-73636.000000
-73730.000000
-73821.000000
-73858.000000
-73949.000000
-74249.000000
-74549.000000
-74644.000000
-74739.000000
-74891.000000
-74990.000000
-75093.000000
-75393.000000
-75484.000000
-75575.000000
-75875.000000
-75970.000000
-76063.000000
-76363.000000
-76663.000000
-76758.000000
-77058.000000
-77126.000000
-77215.000000
-77515.000000
-77815.000000
-77912.000000
-78028.000000
-78328.000000
-78351.000000
-78651.000000
-78744.000000
-79044.000000
-79344.000000
-79493.000000
-79793.000000
-79884.000000
-80184.000000
-80333.000000
-80633.000000
-80728.000000
-81028.000000
-81328.000000
-81477.000000
-81777.000000
-82077.000000
-82266.000000
-82566.000000
-82677.000000
-82783.000000
-83083.000000
-83177.000000
-83268.000000
-83305.000000
-83396.000000
-83696.000000
-83996.000000
-84091.000000
-84186.000000
-84338.000000
-84437.000000
-84540.000000
-84840.000000
-84931.000000
-85022.000000
-85322.000000
-85417.000000
-85510.000000
-85810.000000
-86110.000000
-86205.000000
-86505.000000
-86573.000000
-86662.000000
-86962.000000
-87262.000000
-87359.000000
-87475.000000
-87775.000000
-87798.000000
-88098.000000
-88191.000000
-88491.000000
-88791.000000
-88940.000000
-89240.000000
-89331.000000
-89631.000000
-89780.000000
-90080.000000
-90175.000000
-90475.000000
-90775.000000
-90924.000000
-91224.000000
-91524.000000
-91713.000000
-92013.000000
-92124.000000
-92230.000000
-92530.000000
-92624.000000
-92715.000000
-92752.000000
-92843.000000
-93143.000000
-93443.000000
-93538.000000
-93633.000000
-93785.000000
-93884.000000
-93987.000000
-94287.000000
-94378.000000
-94469.000000
-94769.000000
-94864.000000
-94957.000000
-95257.000000
-95557.000000
-95652.000000
-95952.000000
-96020.000000
-96109.000000
-96409.000000
-96709.000000
-96806.000000
-96922.000000
-97222.000000
-97245.000000
-97545.000000
-97638.000000
-97938.000000
-98238.000000
-98387.000000
-98687.000000
-98778.000000
-99078.000000
-99227.000000
-99527.000000
-99622.000000
-99922.000000
-100222.000000
-100371.000000
-100671.000000
-100971.000000
-101160.000000
-101460.000000
-101571.000000
-101677.000000
-101977.000000
-102071.000000
-102162.000000
-102199.000000
-102290.000000
-102590.000000
-102890.000000
-102985.000000
-103080.000000
-103232.000000
-103331.000000
-103434.000000
-103734.000000
-103825.000000
-103916.000000
-104216.000000
-104311.000000
-104404.000000
-104704.000000
-105004.000000
-105099.000000
-105399.000000
-105467.000000
-105556.000000
-105856.000000
-106156.000000
-106253.000000
-106369.000000
-106669.000000
-106692.000000
-106992.000000
-107085.000000
-107385.000000
-107685.000000
-107834.000000
-108134.000000
-108225.000000
-108525.000000
-108674.000000
-108974.000000
-109069.000000
-109369.000000
-109669.000000
-109818.000000
-110118.000000
-110418.000000
-110607.000000
-110907.000000
-111018.000000
-111124.000000
-111424.000000
-111518.000000
-111609.000000
-111646.000000
-111737.000000
-112037.000000
-112337.000000
-112432.000000
-112527.000000
-112679.000000
-112778.000000
-112881.000000
-113181.000000
-113272.000000
-113363.000000
-113663.000000
-113758.000000
-113851.000000
-114151.000000
-114451.000000
-114546.000000
-114846.000000
-114914.000000
-115003.000000
-115303.000000
-115603.000000
-115700.000000
-115816.000000
-116116.000000
-116139.000000
-116439.000000
-116532.000000
-116832.000000
-117132.000000
-117281.000000
-117581.000000
-117672.000000
-117972.000000
-118121.000000
-118421.000000
-118516.000000
-118816.000000
-119116.000000
-119265.000000
-119565.000000
-119865.000000
-120054.000000
-120354.000000
-120465.000000
-120571.000000
-120871.000000
-120965.000000
-121056.000000
-121093.000000
-121184.000000
-121484.000000
-121784.000000
-121879.000000
-121974.000000
-122126.000000
-122225.000000
-122328.000000
-122628.000000
-122719.000000
-122810.000000
-123110.000000
-123205.000000
-123298.000000
-123598.000000
-123898.000000
-123993.000000
-124293.000000
-124361.000000
-124450.000000
-124750.000000
-125050.000000
-125147.000000
-125263.000000
-125563.000000
-125586.000000
-125886.000000
-125979.000000
-126279.000000
-126579.000000
-126728.000000
-127028.000000
-127119.000000
-127419.000000
-127568.000000
-127868.000000
-127963.000000
-128263.000000
-128563.000000
-128712.000000
-129012.000000
-129312.000000
-129501.000000
-129801.000000
-129912.000000
-130018.000000
-130318.000000
-130412.000000
-130503.000000
-130540.000000
-130631.000000
-130931.000000
-131231.000000
-131326.000000
-131421.000000
-131573.000000
-131672.000000
-131775.000000
-132075.000000
-132166.000000
-132257.000000
-132557.000000
-132652.000000
-132745.000000
-133045.000000
-133345.000000
-133440.000000
-133740.000000
-133808.000000
-133897.000000
-134197.000000
-134497.000000
-134594.000000
-134710.000000
-135010.000000
-135033.000000
-135333.000000
-135426.000000
-135726.000000
-136026.000000
-136175.000000
-136475.000000
-136566.000000
-136866.000000
-137015.000000
-137315.000000
-137410.000000
-137710.000000
-138010.000000
-138159.000000
-138459.000000
-138759.000000
-138948.000000
-139248.000000
-139359.000000
-139465.000000
-139765.000000
-139859.000000
-139950.000000
-139987.000000
-140078.000000
-140378.000000
-140678.000000
-140773.000000
-140868.000000
-141020.000000
-141119.000000
-141222.000000
-141522.000000
-141613.000000
-141704.000000
-142004.000000
-142099.000000
-142192.000000
-142492.000000
-142792.000000
-142887.000000
-143187.000000
-143255.000000
-143344.000000
-143644.000000
-143944.000000
-144041.000000
-144157.000000
-144457.000000
-144480.000000
-144780.000000
-144873.000000
-145173.000000
-145473.000000
-145622.000000
-145922.000000
-146013.000000
-146313.000000
-146462.000000
-146762.000000
-146857.000000
-147157.000000
-147457.000000
-147606.000000
-147906.000000
-148206.000000
-148395.000000
-148695.000000
-148806.000000
-148912.000000
-149212.000000
-149306.000000
-149397.000000
-149434.000000
-149525.000000
-149825.000000
-150125.000000
-150220.000000
-150315.000000
-150467.000000
-150566.000000
-150669.000000
-150969.000000
-151060.000000
-151151.000000
-151451.000000
-151546.000000
-151639.000000
-151939.000000
-152239.000000
-152334.000000
-152634.000000
-152702.000000
-152791.000000
-153091.000000
-153391.000000
-153488.000000
-153604.000000
-153904.000000
-153927.000000
-154227.000000
-154320.000000
-154620.000000
-154920.000000
-155069.000000
-155369.000000
-155460.000000
-155760.000000
-155909.000000
-156209.000000
-156304.000000
-156604.000000
-156904.000000
-157053.000000
-157353.000000
-157653.000000
-157842.000000
-158142.000000
-158253.000000
-158359.000000
-158659.000000
-158753.000000
-158844.000000
-158881.000000
-158972.000000
-159272.000000
-159572.000000
-159667.000000
-159762.000000
-159914.000000
-160013.000000
-160116.000000
-160416.000000
-160507.000000
-160598.000000
-160898.000000
-160993.000000
-161086.000000
-161386.000000
-161686.000000
-161781.000000
-162081.000000
-162149.000000
-162238.000000
-162538.000000
-162838.000000
-162935.000000
-163051.000000
-163351.000000
-163374.000000
-163674.000000
-163767.000000
-164067.000000
-164367.000000
-164516.000000
-164816.000000
-164907.000000
-165207.000000
-165356.000000
-165656.000000
-165751.000000
-166051.000000
-166351.000000
-166500.000000
-166800.000000
-167100.000000
-167289.000000
-167589.000000
-167700.000000
-167806.000000
-168106.000000
-168200.000000
-168291.000000
-168328.000000
-168419.000000
-168719.000000
-169019.000000
-169114.000000
-169209.000000
-169361.000000
-169460.000000
-169563.000000
-169863.000000
-169954.000000
-170045.000000
-170345.000000
-170440.000000
-170533.000000
-170833.000000
-171133.000000
-171228.000000
-171528.000000
-171596.000000
-171685.000000
-171985.000000
-172285.000000
-172382.000000
-172498.000000
-172798.000000
-172821.000000
-173121.000000
-173214.000000
-173514.000000
-173814.000000
-173963.000000
-174263.000000
-174354.000000
-174654.000000
-174803.000000
-175103.000000
-175198.000000
-175498.000000
-175798.000000
-175947.000000
-176247.000000
-176547.000000
-176736.000000
-177036.000000
-177147.000000
-177253.000000
-177553.000000
-177647.000000
-177738.000000
-177775.000000
-177866.000000
-178166.000000
-178466.000000
-178561.000000
-178656.000000
-178808.000000
-178907.000000
-179010.000000
-179310.000000
-179401.000000
-179492.000000
-179792.000000
-179887.000000
-179980.000000
-180280.000000
-180580.000000
-180675.000000
-180975.000000
-181043.000000
-181132.000000
-181432.000000
-181732.000000
-181829.000000
-181945.000000
-182245.000000
-182268.000000
-182568.000000
-182661.000000
-182961.000000
-183261.000000
-183410.000000
-183710.000000
-183801.000000
-184101.000000
-184250.000000
-184550.000000
-184645.000000
-184945.000000
-185245.000000
-185394.000000
-185694.000000
-185994.000000
-186183.000000
-186483.000000
-186594.000000
-186700.000000
-187000.000000
-187094.000000
-187185.000000
-187222.000000
-187313.000000
-187613.000000
-187913.000000
-188008.000000
-188103.000000
-188255.000000
-188354.000000
-188457.000000
-188757.000000
-188848.000000
-188939.000000
-189239.000000
-189334.000000
-189427.000000
-189727.000000
-190027.000000
-190122.000000
-190422.000000
-190490.000000
-190579.000000
-190879.000000
-191179.000000
-191276.000000
-191392.000000
-191692.000000
-191715.000000
-192015.000000
-192108.000000
-192408.000000
-192708.000000
-192857.000000
-193157.000000
-193248.000000
-193548.000000
-193697.000000
-193997.000000
-194092.000000
-194392.000000
-194692.000000
-194841.000000
-195141.000000
-195441.000000
-195630.000000
-195930.000000
-196041.000000
-196147.000000
-196447.000000
-196541.000000
-196632.000000
-196669.000000
-196760.000000
-197060.000000
-197360.000000
-197455.000000
-197550.000000
-197702.000000
-197801.000000
-197904.000000
-198204.000000
-198295.000000
-198386.000000
-198686.000000
-198781.000000
-198874.000000
-199174.000000
-199474.000000
-199569.000000
-199869.000000
-199937.000000
-200026.000000
-200326.000000
-200626.000000
-200723.000000
-200839.000000
-201139.000000
-201162.000000
-201462.000000
-201555.000000
-201855.000000
-202155.000000
-202304.000000
-202604.000000
-202695.000000
-202995.000000
-203144.000000
-203444.000000
-203539.000000
-203839.000000
-204139.000000
-204288.000000
-204588.000000
-204888.000000
-205077.000000
-205377.000000
-205488.000000
-205594.000000
-205894.000000
-205988.000000
-206079.000000
-206116.000000
-206207.000000
-206507.000000
-206807.000000
-206902.000000
-206997.000000
-207149.000000
-207248.000000
-207351.000000
-207651.000000
-207742.000000
-207833.000000
-208133.000000
-208228.000000
-208321.000000
-208621.000000
-208921.000000
-209016.000000
-209316.000000
-209384.000000
-209473.000000
-209773.000000
-210073.000000
-210170.000000
-210286.000000
-210586.000000
-210609.000000
-210909.000000
-211002.000000
-211302.000000
-211602.000000
-211751.000000
-212051.000000
-212142.000000
-212442.000000
-212591.000000
-212891.000000
-212986.000000
-213286.000000
-213586.000000
-213735.000000
-214035.000000
-214335.000000
-214524.000000
-214824.000000
-214935.000000
-215041.000000
-215341.000000
-215435.000000
-215526.000000
-215563.000000
-215654.000000
-215954.000000
-216254.000000
-216349.000000
-216444.000000
-216596.000000
-216695.000000
-216798.000000
-217098.000000
-217189.000000
-217280.000000
-217580.000000
-217675.000000
-217768.000000
-218068.000000
-218368.000000
-218463.000000
-218763.000000
-218831.000000
-218920.000000
-219220.000000
-219520.000000
-219617.000000
-219733.000000
-220033.000000
-220056.000000
-220356.000000
-220449.000000
-220749.000000
-221049.000000
-221198.000000
-221498.000000
-221589.000000
-221889.000000
-222038.000000
-222338.000000
-222433.000000
-222733.000000
-223033.000000
-223182.000000
-223482.000000
-223782.000000
-223971.000000
-224271.000000
-224382.000000
-224488.000000
-224788.000000
-224882.000000
-224973.000000
-225010.000000
-225101.000000
-225401.000000
-225701.000000
-225796.000000
-225891.000000
-226043.000000
-226142.000000
-226245.000000
-226545.000000
-226636.000000
-226727.000000
-227027.000000
-227122.000000
-227215.000000
-227515.000000
-227815.000000
-227910.000000
-228210.000000
-228278.000000
-228367.000000
-228667.000000
-228967.000000
-229064.000000
-229180.000000
-229480.000000
-229503.000000
-229803.000000
-229896.000000
-230196.000000
-230496.000000
-230645.000000
-230945.000000
-231036.000000
-231336.000000
-231485.000000
-231785.000000
-231880.000000
-232180.000000
-232480.000000
-232629.000000
-232929.000000
-233229.000000
-233418.000000
-233718.000000
-233829.000000
-233935.000000
-234235.000000
-234329.000000
-234420.000000
-234457.000000
-234548.000000
-234848.000000
-235148.000000
-235243.000000
-235338.000000
-235490.000000
-235589.000000
-235692.000000
-235992.000000
-236083.000000
-236174.000000
-236474.000000
-236569.000000
-236662.000000
-236962.000000
-237262.000000
-237357.000000
-237657.000000
-237725.000000
-237814.000000
-238114.000000
-238414.000000
-238511.000000
-238627.000000
-238927.000000
-238950.000000
-239250.000000
-239343.000000
-239643.000000
-239943.000000
-240092.000000
-240392.000000
-240483.000000
-240783.000000
-240932.000000
-241232.000000
-241327.000000
-241627.000000
-241927.000000
-242076.000000
-242376.000000
-242676.000000
-242865.000000
-243165.000000
-243276.000000
-243382.000000
-243682.000000
-243776.000000
-243867.000000
-243904.000000
-243995.000000
-244295.000000
-244595.000000
-244690.000000
-244785.000000
-244937.000000
-245036.000000
-245139.000000
-245439.000000
-245530.000000
-245621.000000
-245921.000000
-246016.000000
-246109.000000
-246409.000000
-246709.000000
-246804.000000
-247104.000000
-247172.000000
-247261.000000
-247561.000000
-247861.000000
-247958.000000
-248074.000000
-248374.000000
-248397.000000
