-300.000000
-570.000000
-870.000000
-1170.000000
-1470.000000
-1770.000000
-1860.000000
-2076.000000
-2131.000000
-2431.000000
-2731.000000
-3031.000000
-3331.000000
-3469.000000
-3769.000000
-4065.000000
-4365.000000
-4665.000000
-4859.000000
-5159.000000
-5459.000000
-5549.000000
-5849.000000
-6149.000000
-6449.000000
-6749.000000
-7049.000000
-7349.000000
-7649.000000
-7949.000000
-8073.000000
-8373.000000
-8673.000000
-8949.000000
-9145.000000
-9445.000000
-9745.000000
-10045.000000
-10345.000000
-10645.000000
-10945.000000
-11245.000000
-11545.000000
-11810.000000
-12110.000000
-12336.000000
-12636.000000
-12936.000000
-13236.000000
-13536.000000
-13836.000000
-14136.000000
-14436.000000
-14736.000000
-14783.000000
-15083.000000
-15383.000000
-15683.000000
-15983.000000
-16283.000000
-16583.000000
-16883.000000
-17183.000000
-17241.000000
-17541.000000
-17841.000000
-18141.000000
-18441.000000
-18741.000000
-19041.000000
-19341.000000
-19641.000000
-19732.000000
-19844.000000
-19954.000000
-20254.000000
-20554.000000
-20649.000000
-20840.000000
-21140.000000
-21440.000000
-21740.000000
-22040.000000
-22131.000000
-22431.000000
-22731.000000
-23031.000000
-23331.000000
-23384.000000
-23684.000000
-23984.000000
-24284.000000
-24584.000000
-24884.000000
-25049.000000
-25349.000000
-25649.000000
-25738.000000
-26038.000000
-26338.000000
-26638.000000
-26721.000000
-27021.000000
-27321.000000
-27544.000000
-27844.000000
-28144.000000
-28444.000000
-28703.000000
-29003.000000
-29281.000000
-29581.000000
-29881.000000
-29927.000000
-30227.000000
-30527.000000
-30827.000000
-31127.000000
-31427.000000
-31727.000000
-32027.000000
-32327.000000
-32627.000000
-32664.000000
-32964.000000
-33264.000000
-33564.000000
-33654.000000
-33758.000000
-33815.000000
-33931.000000
-34023.000000
-34323.000000
-34623.000000
-34923.000000
-35223.000000
-35466.000000
-35766.000000
-36066.000000
-36366.000000
-36666.000000
-36966.000000
-37266.000000
-37498.000000
-37798.000000
-37932.000000
-38232.000000
-38325.000000
-38395.000000
-38419.000000
-38719.000000
-38965.000000
-39265.000000
-39565.000000
-39865.000000
-40165.000000
-40357.000000
-40527.000000
-40766.000000
-41066.000000
-41366.000000
-41567.000000
-41867.000000
-42164.000000
-42464.000000
-42530.000000
-42830.000000
-43130.000000
-43430.000000
-43730.000000
-44030.000000
-44330.000000
-44630.000000
-44930.000000
-45229.000000
-45529.000000
-45829.000000
-46129.000000
-46223.000000
-46523.000000
-46823.000000
-47123.000000
-47423.000000
-47509.000000
-47604.000000
-47904.000000
-48204.000000
-48504.000000
-48804.000000
-49104.000000
-49404.000000
-49704.000000
-50004.000000
-50055.000000
-50355.000000
-50655.000000
-50955.000000
-51255.000000
-51555.000000
-51855.000000
-52155.000000
-52455.000000
-52755.000000
-53055.000000
-53097.000000
-53397.000000
-53697.000000
-53997.000000
-54297.000000
-54597.000000
-54897.000000
-55197.000000
-55497.000000
-55797.000000
-56097.000000
-56229.000000
-56529.000000
-56829.000000
-57129.000000
-57429.000000
-57729.000000
-58029.000000
-58329.000000
-58629.000000
-58929.000000
-59229.000000
-59529.000000
-59829.000000
-59921.000000
-60182.000000
-60482.000000
-60782.000000
-61082.000000
-61382.000000
-61682.000000
-61982.000000
-62282.000000
-62582.000000
-62882.000000
-63182.000000
-63482.000000
-63782.000000
-63900.000000
-63940.000000
-64240.000000
-64540.000000
-64840.000000
-65140.000000
-65440.000000
-65740.000000
-66040.000000
-66340.000000
-66640.000000
-66940.000000
-67240.000000
-67540.000000
-67669.000000
-67969.000000
-68262.000000
-68562.000000
-68862.000000
-69162.000000
-69462.000000
-69672.000000
-69972.000000
-70272.000000
-70572.000000
-70872.000000
-70963.000000
-71263.000000
-71563.000000
-71863.000000
-72163.000000
-72455.000000
-72755.000000
-73055.000000
-73355.000000
-73655.000000
-73955.000000
-74255.000000
-74366.000000
-74657.000000
-74957.000000
-75257.000000
-75557.000000
-75857.000000
-76157.000000
-76457.000000
-76757.000000
-77057.000000
-77357.000000
-77657.000000
-77957.000000
-78257.000000
-78557.000000
-78857