-300.000000
-600.000000
-807.000000
-1107.000000
-1147.000000
-1447.000000
-1747.000000
-2032.000000
-2072.000000
-2372.000000
-2609.000000
-2909.000000
-3209.000000
-3509.000000
-3809.000000
-4109.000000
-4409.000000
-4709.000000
-4812.000000
-5112.000000
-5412.000000
-5486.000000
-5743.000000
-5780.000000
-6080.000000
-6380.000000
-6680.000000
-6980.000000
-7064.000000
-7104.000000
-7404.000000
-7704.000000
-8004.000000
-8304.000000
-8493.000000
-8793.000000
-9093.000000
-9339.000000
-9389.000000
-9689.000000
-9989.000000
-10289.000000
-10357.000000
-10493.000000
-10793.000000
-10838.000000
-11138.000000
-11234.000000
-11276.000000
-11299.000000
-11349.000000
-11649.000000
-11729.000000
-12029.000000
-12212.000000
-12512.000000
-12812.000000
-13112.000000
-13344.000000
-13644.000000
-13944.000000
-14070.000000
-14370.000000
-14412.000000
-14712.000000
-14757.000000
-15057.000000
-15357.000000
-15657.000000
-15831.000000
-16131.000000
-16294.000000
-16367.000000
-16404.000000
-16704.000000
-17004.000000
-17304.000000
-17402.000000
-17702.000000
-18002.000000
-18173.000000
-18473.000000
-18773.000000
-18860.000000
-19160.000000
-19460.000000
-19760.000000
-20024.000000
-20074.000000
-20374.000000
-20674.000000
-20779.000000
-20847.000000
-20886.000000
-21186.000000
-21231.000000
-21531.000000
-21743.000000
-21971.000000
-21994.000000
-22044.000000
-22344.000000
-22644.000000
-22944.000000
-22984.000000
-23284.000000
-23467.000000
-23535.000000
-23576.000000
-23876.000000
-24176.000000
-24476.000000
-24776.000000
-24917.000000
-25138.000000
-25182.000000
-25482.000000
-25609.000000
-25839.000000
-26139.000000
-26439.000000
-26523.000000
-26695.000000
-26792.000000
-27092.000000
-27176.000000
-27476.000000
-27776.000000
-28076.000000
-28119.000000
-28419.000000
-28519.000000
-28803.000000
-29103.000000
-29403.000000
-29703.000000
-29898.000000
-30198.000000
-30248.000000
-30548.000000
-30848.000000
-31148.000000
-31417.000000
-31456.000000
-31756.000000
-31801.000000
-32101.000000
-32177.000000
-32219.000000
-32242.000000
-32292.000000
-32592.000000
-32666.000000
-32960.000000
-33001.000000
-33301.000000
-33601.000000
-33901.000000
-34201.000000
-34403.000000
-34703.000000
-35003.000000
-35303.000000
-35603.000000
-35903.000000
-36111.000000
-36411.000000
-36711.000000
-36981.000000
-37281.000000
-37581.000000
-37760.000000
-38060.000000
-38115.000000
-38415.000000
-38715.000000
-39015.000000
-39315.000000
-39409.000000
-39449.000000
-39685.000000
-39985.000000
-40285.000000
-40585.000000
-40776.000000
-40988.000000
-41288.000000
-41588.000000
-41814.000000
-42114.000000
-42293.000000
-42446.000000
-42514.000000
-42553.000000
-42853.000000
-42898.000000
-43198.000000
-43305.000000
-43347.000000
-43370.000000
-43420.000000
-43720.000000
-44020.000000
-44320.000000
-44620.000000
-44920.000000
-45220.000000
-45520.000000
-45805.000000
-46105.000000
-46405.000000
-46705.000000
-46907.000000
-46947.000000
-47247.000000
-47291.000000
-47591.000000
-47891.000000
-48191.000000
-48491.000000
-48708.000000
-49008.000000
-49308.000000
-49482.000000
-49782.000000
-50082.000000
-50382.000000
-50682.000000
-50849.000000
-50889.000000
-51023.000000
-51172.000000
-51472.000000
-51772.000000
-51951.000000
-52180.000000
-52480.000000
-52645.000000
-52695.000000
-52995.000000
-53295.000000
-53595.000000
-53686.000000
-53725.000000
-54025.000000
-54070.000000
-54370.000000
-54463.000000
-54505.000000
-54528.000000
-54579.000000
-54879.000000
-54953.000000
-55253.000000
-55553.000000
-55853.000000
-56036.000000
-56102.000000
-56142.000000
-56374.000000
-56674.000000
-56974.000000
-57274.000000
-57574.000000
-57874.000000
-57918.000000
-58218.000000
-58518.000000
-58604.000000
-58904.000000
-59204.000000
-59294.000000
-59594.000000
-59631.000000
-59931.000000
-60231.000000
-60531.000000
-60623.000000
-60923.000000
-61223.000000
-61523.000000
-61823.000000
-62123.000000
-62423.000000
-62574.000000
-62874.000000
-63174.000000
-63356.000000
-63406.000000
-63706.000000
-64006.000000
-64306.000000
-64478.000000
-64517.000000
-64817.000000
-64862.000000
-65162.000000
-65342.000000
-65384.000000
-65407.000000
-65457.000000
-65757.000000
-65887.000000
-66187.000000
-66227.000000
-66527.000000
-66827.000000
-67127.000000
-67422.000000
-67722.000000
-67868.000000
-68168.000000
-68468.000000
-68681.000000
-68981.000000
-69025.000000
-69325.000000
-69625.000000
-69731.000000
-69962.000000
-70262.000000
-70362.000000
-70662.000000
-70767.000000
-71067.000000
-71360.000000
-71660.000000
-71746.000000
-72046.000000
-72086.000000
-72386.000000
-72459.000000
-72759.000000
-73059.000000
-73146.000000
-73446.000000
-73746.000000
-73909.000000
-73960.000000
-74260.000000
-74560.000000
-74860.000000
-74934.000000
-74973.000000
-75273.000000
-75318.000000
-75618.000000
-75660.000000
-75703.000000
-75726.000000
-75776.000000
-76076.000000
-76214.000000
-76514.000000
-76554.000000
-76841.000000
-76932.000000
-76998.000000
-77038.000000
-77338.000000
-77582.000000
-77701.000000
-78001.000000
-78041.000000
-78341.000000
-78555.000000
-78855.000000
-78986.000000
-79286.000000
-79586.000000
-79886.000000
-80186.000000
-80486.000000
-80786.000000
-81086.000000
-81386.000000
-81686.000000
-81986.000000
-82286.000000
-82586.000000
-82886.000000
-83186.000000
-83486.000000
-83786.000000
-84086.000000
-84386.000000
-84686.000000
-84986.000000
-85286.000000
-85543.000000
-85843.000000
-86143.000000
-86307.000000
-86346.000000
-86646.000000
-86696.000000
-86966.000000
-87008.000000
-87051.000000
-87079.000000
-87129.000000
-87429.000000
-87567.000000
-87854.000000
-87894.000000
-88194.000000
-88274.000000
-88340.000000
-88380.000000
-88680.000000
-88980.000000
-89195.000000
-89495.000000
-89535.000000
-89822.000000
-89866.000000
-90166.000000
-90276.000000
-90471.000000
-90565.000000
-90865.000000
-91165.000000
-91465.000000
-91765.000000
-92065.000000
-92365.000000
-92665.000000
-92965.000000
-93265.000000
-93565.000000
-93865.000000
-94165.000000
-94465.000000
-94555.000000
-94681.000000
-94981.000000
-95281.000000
-95368.000000
-95418.000000
-95718.000000
-96018.000000
-96108.000000
-96206.000000
-96245.000000
-96545.000000
-96590.000000
-96890.000000
-97068.000000
-97110.000000
-97133.000000
-97183.000000
-97483.000000
-97588.000000
-97888.000000
-97928.000000
-98228.000000
-98528.000000
-98813.000000
-98854.000000
-99154.000000
-99454.000000
-99754.000000
-100054.000000
-100178.000000
-100478.000000
-100778.000000
-100858.000000
-101158.000000
-101352.000000
-101437.000000
-101654.000000
-101764.000000
-101933.000000
-102024.000000
-102100.000000
-102400.000000
-102700.000000
-102785.000000
-103085.000000
-103385.000000
-103658.000000
-103958.000000
-104258.000000
-104558.000000
-104729.000000
-104922.000000
-105007.000000
-105307.000000
-105556.000000
-105673.000000
-105830.000000
-106064.000000
-106139.000000
-106178.000000
-106397.000000
-106528.000000
-106683.000000
-106983.000000
-107030.000000
-107146.000000
-107446.000000
-107626.000000
-107740.000000
-108040.000000
-108080.000000
-108270.000000
-108470.000000
-108536.000000
-108576.000000
-108777.000000
-108851.000000
-109063.000000
-109244.000000
-109285.000000
-109393.000000
-109438.000000
-109678.000000
-109978.000000
-110063.000000
-110143.000000
-110260.000000
-110344.000000
-110644.000000
-110944.000000
-111244.000000
-111544.000000
-111844.000000
-112144.000000
-112444.000000
-112744.000000
-112831.000000
-112931.000000
-113092.000000
-113193.000000
-113493.000000
-113696.000000
-113996.000000
-114296.000000
-114596.000000
-114896.000000
-115196.000000
-115496.000000
-115796.000000
-116091.000000
-116347.000000
-116466.000000
-116544.000000
-116639.000000
-116765.000000
-116850.000000
-117150.000000
-117450.000000
-117750.000000
-118050.000000
-118350.000000
-118650.000000
-118950.000000
-119250.000000
-119550.000000
-119850.000000
-120150.000000
-120450.000000
-120750.000000
-121050.000000
-121350.000000
-121650.000000
-121950.000000
-122132.000000
-122281.000000
-122497.000000
-122797.000000
-122960.000000
-123260.000000
-123560.000000
-123860.000000
-124160.000000
-124460.000000
-124714.000000
-124798.000000
-124838.000000
-124952.000000
-125053.000000
-125300.000000
-125382.000000
-125460.000000
-125668.000000
-125746.000000
-125822.000000
-126122.000000
-126422.000000
-126722.000000
-127022.000000
-127322.000000
-127622.000000
-127922.000000
-127968.000000
-128171.000000
-128282.000000
-128418.000000
-128507.000000
-128628.000000
-128709.000000
-129009.000000
-129309.000000
-129609.000000
-129909.000000
-130209.000000
-130509.000000
-130809.000000
-130972.000000
-131045.000000
-131159.000000
-131273.000000
-131313.000000
-131450.000000
-131494.000000
-131574.000000
-131727.000000
-131807.000000
-131894.000000
-132194.000000
-132494.000000
-132655.000000
-132738.000000
-132933.000000
-133102.000000
-133343.000000
-133446.000000
-133524.000000
-133648.000000
-133727.000000
-133808.000000
-133962.000000
-134228.000000
-134528.000000
-134746.000000
-134910.000000
-135065.000000
-135190.000000
-135490.000000
-135790.000000
-136090.000000
-136390.000000
-136690.000000
-136990.000000
-137274.000000
-137348.000000
-137437.000000
-137737.000000
-138037.000000
-138337.000000
-138637.000000
-138937.000000
-139237.000000
-139537.000000
-139837.000000
-140137.000000
-140437.000000
-140737.000000
-140963.000000
-141125.000000
-141344.000000
-141520.000000
-141560.000000
-141722.000000
-141766.000000
-141865.000000
-142059.000000
-142163.000000
-142245.000000
-142375.000000
-142455.000000
-142527.000000
-142612.000000
-142912.000000
-143212.000000
-143512.000000
-143812.000000
-144112.000000
-144412.000000
-144712.000000
-145012.000000
-145312.000000
-145476.000000
-145551.000000
-145697.000000
-145849.000000
-145934.000000
-146234.000000
-146534.000000
-146834.000000
-147134.000000
-147202.000000
-147502.000000
-147802.000000
-147847.000000
-148075.000000
-148156.000000
-148198.000000
-148300.000000
-148437.000000
-148509.000000
-148700.000000
-149000.000000
-149192.000000
-149423.000000
-149501.000000
-149801.000000
-150014.000000
-150314.000000
-150387.000000
-150677.000000
-150948.000000
-150989.000000
-151289.000000
-151589.000000
-151889.000000
-152189.000000
-152357.000000
-152437.000000
-152737.000000
-152831.000000
-152927.000000
-153024.000000
-153104.000000
-153268.000000
-153568.000000
-153868.000000
-154168.000000
-154289.000000
-154373.000000
-154451.000000
-154604.000000
-154764.000000
-154915.000000
-155215.000000
-155515.000000
-155815.000000
-156115.000000
-156415.000000
-156715.000000
-157015.000000
-157114.000000
-157153.000000
-157260.000000
-157307.000000
-157381.000000
-157477.000000
-157519.000000
-157625.000000
-157753.000000
-158053.000000
-158353.000000
-158653.000000
-158953.000000
-159253.000000
-159553.000000
-159853.000000
-160153.000000
-160453.000000
-160629.000000
-160735.000000
-160892.000000
-160935.000000
-161235.000000
-161535.000000
-161835.000000
-162135.000000
-162435.000000
-162735.000000
-163035.000000
-163289.000000
-163377.000000
-163414.000000
-163521.000000
-163821.000000
-164121.000000
-164213.000000
-164513.000000
-164661.000000
-164739.000000
-164825.000000
-164988.000000
-165069.000000
-165225.000000
-165451.000000
-165682.000000
-165760.000000
-165810.000000
-165924.000000
-166000.000000
-166190.000000
-166258.000000
-166297.000000
-166526.000000
-166571.000000
-166871.000000
-166969.000000
-167011.000000
-167035.000000
-167143.000000
-167443.000000
-167517.000000
-167636.000000
-167677.000000
-167807.000000
-167983.000000
-168146.000000
-168188.000000
-168298.000000
-168379.000000
-168501.000000
-168801.000000
-168842.000000
-169142.000000
-169191.000000
-169270.000000
-169512.000000
-169600.000000
-169855.000000
-170155.000000
-170455.000000
-170755.000000
-170842.000000
-170913.000000
-171125.000000
-171283.000000
-171368.000000
-171456.000000
-171502.000000
-171575.000000
-171656.000000
-171956.000000
-172256.000000
-172556.000000
-172760.000000
-172834.000000
-172908.000000
-173208.000000
-173508.000000
-173808.000000
-174108.000000
-174408.000000
-174447.000000
-174557.000000
-174710.000000
-174789.000000
-174891.000000
-175042.000000
-175065.000000
-175115.000000
-175201.000000
-175281.000000
-175393.000000
-175433.000000
-175733.000000
-175906.000000
-176037.000000
-176077.000000
-176374.000000
-176542.000000
-176842.000000
-177098.000000
-177138.000000
-177438.000000
-177589.000000
-177889.000000
-178189.000000
-178489.000000
-178583.000000
-178738.000000
-178926.000000
-179012.000000
-179133.000000
-179215.000000
-179515.000000
-179815.000000
-180115.000000
-180415.000000
-180715.000000
-181015.000000
-181315.000000
-181615.000000
-181915.000000
-182197.000000
-182459.000000
-182533.000000
-182605.000000
-182736.000000
-183036.000000
-183302.000000
-183602.000000
-183902.000000
-184202.000000
-184502.000000
-184619.000000
-184813.000000
-184910.000000
-184957.000000
-185047.000000
-185164.000000
-185238.000000
-185538.000000
-185838.000000
-186049.000000
-186160.000000
-186243.000000
-186373.000000
-186413.000000
-186534.000000
-186615.000000
-186915.000000
-187170.000000
-187470.000000
-187741.000000
-187892.000000
-188093.000000
-188393.000000
-188484.000000
-188784.000000
-188962.000000
-189054.000000
-189145.000000
-189182.000000
-189482.000000
-189708.000000
-190008.000000
-190308.000000
-190388.000000
-190431.000000
-190519.000000
-190600.000000
-190752.000000
-190825.000000
-191125.000000
-191425.000000
-191725.000000
-192025.000000
-192325.000000
-192625.000000
-192925.000000
-193225.000000
-193525.000000
-193651.000000
-193910.000000
-193955.000000
-194239.000000
-194331.000000
-194378.000000
-194483.000000
-194601.000000
-194901.000000
-195201.000000
-195501.000000
-195801.000000
-196101.000000
-196401.000000
-196701.000000
-197001.000000
-197301.000000
-197601.000000
-197901.000000
-198201.000000
-198501.000000
-198801.000000
-199101.000000
-199401.000000
-199701.000000
-200001.000000
-200301.000000
-200601.000000
-200901.000000
-201201.000000
-201410.000000
-201710.000000
-201794.000000
-202060.000000
-202139.000000
-202237.000000
-202277.000000
-202361.000000
-202441.000000
-202741.000000
-203041.000000
-203341.000000
-203641.000000
-203941.000000
-204013.000000
-204129.000000
-204429.000000
-204729.000000
-205029.000000
-205329.000000
-205629.000000
-205797.000000
-205861.000000
-206045.000000
-206132.000000
-206271.000000
-206356.000000
-206656.000000
-206956.000000
-207256.000000
-207556.000000
-207856.000000
-208156.000000
-208456.000000
-208756.000000
-209056.000000
-209356.000000
-209656.000000
-209956.000000
-210256.000000
-210556.000000
-210762.000000
-210969.000000
-211269.000000
-211569.000000
-211869.000000
-211951.000000
-212112.000000
-212412.000000
-212509.000000
-212546.000000
-212786.000000
-212941.000000
-213241.000000
-213541.000000
-213841.000000
-214141.000000
-214299.000000
-214388.000000
-214550.000000
-214850.000000
-215150.000000
-215345.000000
-215534.000000
-215834.000000
-216134.000000
-216434.000000
-216734.000000
-217034.000000
-217173.000000
-217220.000000
-217520.000000
-217649.000000
-217723.000000
-217827.000000
-217875.000000
-217963.000000
-218263.000000
-218563.000000
-218863.000000
-219163.000000
-219463.000000
-219763.000000
-219929.000000
-220060.000000
-220100.000000
-220212.000000
-220285.000000
-220585.000000
-220885.000000
-221097.000000
-221245.000000
-221374.000000
-221674.000000
-221974.000000
-222274.000000
-222574.000000
-222874.000000
-223174.000000
-223474.000000
-223647.000000
-223731.000000
-224031.000000
-224331.000000
-224430.000000
-224730.000000
-225030.000000
-225283.000000
-225360.000000
-225660.000000
-225960.000000
-226260.000000
-226560.000000
-226633.000000
-226933.000000
-227233.000000
-227533.000000
-227833.000000
-228133.000000
-228433.000000
-228733.000000
-229033.000000
-229333.000000
-229633.000000
-229933.000000
-230233.000000
-230325.000000
-230438.000000
-230509.000000
-230809.000000
-231109.000000
-231409.000000
-231709.000000
-232009.000000
-232309.000000
-232609.000000
-232909.000000
-233209.000000
-233329.000000
-233461.000000
-233501.000000
-233796.000000
-233840.000000
-233953.000000
-234115.000000
-234211.000000
-234305.000000
-234605.000000
-234690.000000
-234990.000000
-235074.000000
-235159.000000
-235324.000000
-235624.000000
-235711.000000
-235892.000000
-236022.000000
-236322.000000
-236412.000000
-236576.000000
-236649.000000
-236810.000000
-237110.000000
-237410.000000
-237710.000000
-238010.000000
-238249.000000
-238411.000000
-238496.000000
-238623.000000
-238663.000000
-238747.000000
-238794.000000
-238869.000000
-238952.000000
-239179.000000
-239202.000000
-239482.000000
-239566.000000
-239692.000000
-239992.000000
-240034.000000
-240333.000000
-240404.000000
-240704.000000
-241004.000000
-241304.000000
-241604.000000
-241904.000000
-242204.000000
-242270.000000
-242397.000000
-242441.000000
-242647.000000
-242793.000000
-242877.000000
-242964.000000
-243264.000000
-243344.000000
-243446.000000
-243546.000000
-243625.000000
-243925.000000
-244170.000000
-244247.000000
-244323.000000
-244366.000000
-244666.000000
-244966.000000
-245266.000000
-245436.000000
-245715.000000
-245831.000000
-245904.000000
-246059.000000
-246359.000000
-246659.000000
-246959.000000
-247259.000000
-247559.000000
-247851.000000
-247935.000000
-247980.000000
-248225.000000
-248326.000000
-248369.000000
-248553.000000
-248673.000000
-248973.000000
-249273.000000
-249573.000000
-249873.000000
-250173.000000
-250473.000000
-250596.000000
-250638.000000
-250750.000000
-251050.000000
-251350.000000
-251471.000000
-251771.000000
-252071.000000
-252371.000000
-252671.000000
-252971.000000
-253271.000000
-253571.000000
-253697.000000
-253997.000000
-254145.000000
-254445.000000
-254745.000000
-255045.000000
-255345.000000
-255645.000000
-255945.000000
-256245.000000
-256322.000000
-256406.000000
-256556.000000
-256627.000000
-256697.000000
-256997.000000
-257075.000000
-257375.000000
-257675.000000
-257975.000000
-258275.000000
-258575.000000
-258685.000000
-258985.000000
-259285.000000
-259585.000000
-259885.000000
-260185.000000
-260468.000000
-260557.000000
-260857.000000
-261157.000000
-261457.000000
-261757.000000
-261900.000000
-262200.000000
-262500.000000
-262800.000000
-263100.000000
-263400.000000
-263665.000000
-263796.000000
-264096.000000
-264136.000000
-264436.000000
-264547.000000
-264633.000000
-264795.000000
-264967.000000
-265046.000000
-265156.000000
-265246.000000
-265316.000000
-265616.000000
-265916.000000
-266216.000000
-266516.000000
-266816.000000
-266903.000000
-267051.000000
-267142.000000
-267224.000000
-267374.000000
-267674.000000
-267974.000000
-268172.000000
-268472.000000
-268772.000000
-269072.000000
-269372.000000
-269672.000000
-269972.000000
-270233.000000
-270272.000000
-270369.000000
-270414.000000
-270580.000000
-270674.000000
-270716.000000
-271016.000000
-271134.000000
-271221.000000
-271521.000000
-271653.000000
-271697.000000
-271997.000000
-272255.000000
-272555.000000
-272595.000000
-272895.000000
-273195.000000
-273495.000000
-273795.000000
-273951.000000
-274251.000000
-274542.000000
-274842.000000
-275142.000000
-275442.000000
-275742.000000
-276042.000000
-276342.000000
-276642.000000
-276942.000000
-277242.000000
-277542.000000
-277842.000000
-278142.000000
-278442.000000
-278742.000000
-278836.000000
-278923.000000
-279092.000000
-279178.000000
-279247.000000
-279359.000000
-279433.000000
-279513.000000
-279813.000000
-280113.000000
-280413.000000
-280713.000000
-281013.000000
-281232.000000
-281393.000000
-281438.000000
-281518.000000
-281631.000000
-281931.000000
-282014.000000
-282314.000000
-282614.000000
-282914.000000
-283214.000000
-283514.000000
-283814.000000
-284068.000000
-284368.000000
-284668.000000
-284968.000000
-285268.000000
-285568.000000
-285868.000000
-286168.000000
-286468.000000
-286594.000000
-286673.000000
-286973.000000
-287076.000000
-287157.000000
-287279.000000
-287374.000000
-287464.000000
-287764.000000
-288064.000000
-288364.000000
-288664.000000
-288856.000000
-288937.000000
-288983.000000
-289171.000000
-289290.000000
-289490.000000
-289774.000000
-290074.000000
-290374.000000
-290674.000000
-290974.000000
-291104.000000
-291404.000000
-291645.000000
-291945.000000
-292245.000000
-292545.000000
-292845.000000
-292961.000000
-293261.000000
-293363.000000
-293478.000000
-293660.000000
-293780.000000
-293948.000000
-294063.000000
-294171.000000
-294215.000000
-294515.000000
-294758.000000
-294824.000000
-294868.000000
-295168.000000
-295244.000000
-295353.000000
-295653.000000
-295711.000000
-296011.000000
-296124.000000
-296424.000000
-296724.000000
-297024.000000
-297324.000000
-297549.000000
-297809.000000
-298097.000000
-298196.000000
-298265.000000
-298565.000000
-298865.000000
-299165.000000
-299243.000000
-299376.000000
-299449.000000
-299735.000000
-300035.000000
-300335.000000
-300635.000000
-300849.000000
-301149.000000
-301449.000000
-301749.000000
-301867.000000
-301949.000000
-302249.000000
-302549.000000
-302675.000000
-302975.000000
-303275.000000
-303575.000000
-303623.000000
-303923.000000
-304223.000000
-304523.000000
-304823.000000
-305123.000000
-305423.000000
-305723.000000
-306023.000000
-306323.000000
-306623.000000
-306923.000000
-307223.000000
-307523.000000
-307823.000000
-308123.000000
-308423.000000
-308723.000000
-309023.000000
-309193.000000
-309493.000000
-309793.000000
-310093.000000
-310393.000000
-310693.000000
-310993.000000
-311293.000000
-311593.000000
-311773.000000
-312073.000000
-312373.000000
-312673.000000
-312973.000000
-313273.000000
-313573.000000
-313873.000000
-314056.000000
-314356.000000
-314656.000000
-314956.000000
-315256.000000
-315556.000000
-315856.000000
-316156.000000
-316456.000000
-316756.000000
-317056.000000
-317356.000000
-317656.000000
-317956.000000
-318256.000000
-318556.000000
-318856.000000
-319156.000000
-319456.000000
-319756.000000
-320056.000000
-320356.000000
-320656.000000
-320956.000000
-321256.000000
-321556.000000
-321856.000000
-322156.000000
-322456.000000
-322756.000000
-323056.000000
-323356.000000
-323656.000000
-323956.000000
-324256.000000
-324556.000000
-324856.000000
-325156.000000
-325456.000000
-325756.000000
-326056.000000
-326356.000000
-326656.000000
-326956.000000
-327059.000000
-327151.000000
-327451.000000
-327751.000000
-328051.000000
-328351.000000
-328651.000000
-328951.000000
-329251.000000
-329551.000000
-329851.000000
-330151.000000
-330451.000000
-330751.000000
-331051.000000
-331351.000000
-331651.000000
-331951.000000
-332251.000000
-332551.000000
-332593.000000
-332893.000000
-333193.000000
-333493.000000
-333793.000000
-334093.000000
-334393.000000
-334641.000000
-334941.000000
-335187.000000
-335312.000000
-335354.000000
-335654.000000
-335954.000000
-336254.000000
-336554.000000
-336854.000000
-337154.000000
-337454.000000
-337754.000000
-338054.000000
-338354.000000
-338654.000000
-338954.000000
-339254.000000
-339554.000000
-339854.000000
-340154.000000
-340454.000000
-340754.000000
-341054.000000
-341152.000000
-341200.000000
-341291.000000
-341489.000000
-341789.000000
-342089.000000
-342389.000000
-342689.000000
-342989.000000
-343289.000000
-343589.000000
-343889.000000
-344189.000000
-344489.000000
-344789.000000
-345089.000000
-345389.000000
-345689.000000
-345989.000000
-346289.000000
-346589.000000
-346889.000000
-347189.000000
-347489.000000
-347789.000000
-348089.000000
-348389.000000
-348689.000000
-348989.000000
-349289.000000
-349589.000000
-349889.000000
-350189.000000
-350489.000000
-350789.000000
-351089.000000
-351389.000000
-351689.000000
-351989.000000
-352289.000000
-352589.000000
-352889.000000
-353189.000000
-353489.000000
-353789.000000
-354089.000000
-354389.000000
-354689.000000
-354989.000000
-355289.000000
-355589.000000
-355889.000000
-356189.000000
-356489.000000
-356789.000000
-357089.000000
-357389.000000
-357689.000000
-357989.000000
-358289.000000
-358589.000000
-358889.000000
-359189.000000
-359489.000000
-359789.000000
-360089.000000
-360389.000000
-360689.000000
-360989.000000
-361289.000000
-361589.000000
-361889.000000
-362189.000000
-362489.000000
-362789.000000
-363089.000000
-363389.000000
-363689.000000
-363989.000000
-364289.000000
-364589.000000
-364889.000000
-365189.000000
-365489.000000
-365789.000000
-366089.000000
-366389.000000
-366689.000000
-366989.000000
-367289.000000
-367589.000000
-367889.000000
-368189.000000
-368489.000000
-368789.000000
-369089.000000
-369389.000000
-369689.000000
-369989.000000
-370289.000000
-370589.000000
-370889.000000
-371189.000000
-371489.000000
-371789.000000
-372089.000000
-372389.000000
-372689.000000
-372989.000000
-373289.000000
-373589.000000
-373889.000000
-374189.000000
-374451.000000
-374751.000000
-375051.000000
-375351.000000
-375651.000000
-375951.000000
-376251.000000
-376551.000000
-376851.000000
-377151.000000
-377451.000000
-377751.000000
-378051.000000
-378351.000000
-378651.000000
-378951.000000
-379251.000000
-379551.000000
-379851.000000
-380151.000000
-380451.000000
-380751.000000
-381051.000000
-381351.000000
-381651.000000
-381951.000000
-382251.000000
-382551.000000
-382851.000000
-383151.000000
-383451.000000
-383751.000000
-384051.000000
-384351.000000
-384651.000000
-384951.000000
-385251.000000
-385551.000000
-385851.000000
-386151.000000
-386451.000000
-386751.000000
-386846.000000
-387116.000000
-387416.000000
-387716.000000
-388016.000000
-388316.000000
-388616.000000
-388916.000000
-389216.000000
-389516.000000
-389816.000000
-390116.000000
-390416.000000
-390716.000000
-391016.000000
-391316.000000
-391616.000000
-391916.000000
-392216.000000
-392516.000000
-392816.000000
-393116.000000
-393416.000000
-393716.000000
-394016.000000
-394316.000000
-394616.000000
-394916.000000
-395216.000000
-395516.000000
-395816.000000
-396050.000000
-396197.000000
-396295.000000
-396595.000000
-396895.000000
-397195.000000
-397495.000000
-397795.000000
-398095.000000
-398395.000000
-398695.000000
-398995.000000
-399295.000000
-399595.000000
-399895.000000
-400195.000000
-400495.000000
-400795.000000
-401095.000000
-401395.000000
-401695.000000
-401995.000000
-402295.000000
-402595.000000
-402895.000000
-403195.000000
-403495.000000
-403795.000000
-404095.000000
-404395.000000
-404695.000000
-404906.000000
-405067.000000
-405109.000000
-405409.000000
-405432.000000
-405732.000000
-406032.000000
-406332.000000
-406632.000000
-406932.000000
-407232.000000
-407532.000000
-407832.000000
-407950.000000
-408250.000000
-408550.000000
-408850.000000
-409150.000000
-409403.000000
-409703.000000
-409926.000000
-410095.000000
-410395.000000
-410695.000000
-410995.000000
-411295.000000
-411595.000000
-411895.000000
-412074.000000
-412149.000000
-412449.000000
-412749.000000
-413049.000000
-413349.000000
-413471.000000
-413551.000000
-413631.000000
-413931.000000
-414231.000000
-414531.000000
-414831.000000
-415131.000000
-415431.000000
-415731.000000
-416031.000000
-416331.000000
-416631.000000
-416931.000000
-417231.000000
-417531.000000
-417831.000000
-418131.000000
-418431.000000
-418731.000000
-419031.000000
-419276.000000
-419360.000000
-419512.000000
-419812.000000
-420112.000000
-420412.000000
-420712.000000
-420823.000000
-420866.000000
-420976.000000
-421068.000000
-421368.000000
-421668.000000
-421799.000000
-422099.000000
-422399.000000
-422699.000000
-422999.000000
-423299.000000
-423599.000000
-423899.000000
-424199.000000
-424499.000000
-424799.000000
-425099.000000
-425399.000000
-425699.000000
-425999.000000
-426299.000000
-426599.000000
-426899.000000
-427199.000000
-427499.000000
-427799.000000
-428099.000000
-428399.000000
-428699.000000
-428999.000000
-429299.000000
-429599.000000
-429899.000000
-430199.000000
-430273.000000
-430573.000000
-430873.000000
-431173.000000
-431253.000000
-431336.000000
-431380.000000
-431469.000000
-431769.000000
-432069.000000
-432294.000000
-432594.000000
-432894.000000
-433194.000000
-433360.000000
-433660.000000
-433960.000000
-434260.000000
-434560.000000
-434860.000000
-435160.000000
-435201.000000
-435501.000000
-435801.000000
-435971.000000
-436147.000000
-436447.000000
-436747.000000
-437047.000000
-437213.000000
-437302.000000
-437602.000000
-437902.000000
-438202.000000
-438502.000000
-438584.000000
-438669.000000
-438969.000000
-439269.000000
-439569.000000
-439869.000000
-440169.000000
-440469.000000
-440769.000000
-441039.000000
-441339.000000
-441639.000000
-441939.000000
-442017.000000
-442317.000000
-442385.000000
-442685.000000
-442985.000000
-443285.000000
-443585.000000
-443630.000000
-443930.000000
-443953.000000
-444253.000000
-444553.000000
-444853.000000
-445153.000000
-445193.000000
-445349.000000
-445649.000000
-445949.000000
-446249.000000
-446524.000000
-446824.000000
-447124.000000
-447424.000000
-447724.000000
-448024.000000
-448324.000000
-448624.000000
-448858.000000
-448943.000000
-449032.000000
-449332.000000
-449632.000000
-449932.000000
-450232.000000
-450532.000000
-450832.000000
-451132.000000
-451432.000000
-451732.000000
-452032.000000
-452332.000000
-452632.000000
-452932.000000
-453232.000000
-453532.000000
-453832.000000
-454132.000000
-454432.000000
-454732.000000
-455032.000000
-455332.000000
-455632.000000
-455932.000000
-456232.000000
-456532.000000
-456832.000000
-457132.000000
-457432.000000
-457732.000000
-458032.000000
-458332.000000
-458632.000000
-458932.000000
-459232.000000
-459532.000000
-459832.000000
-460132.000000
-460432.000000
-460732.000000
-461032.000000
-461332.000000
-461632.000000
-461932.000000
-462232.000000
-462532.000000
-462832.000000
-463132.000000
-463432.000000
-463732.000000
-464032.000000
-464332.000000
-464632.000000
-464932.000000
-465232.000000
-465532.000000
-465832.000000
-466132.000000
-466432.000000
-466732.000000
-467032.000000
-467332.000000
-467632.000000
-467932.000000
-468232.000000
-468532.000000
-468832.000000
-469132.000000
-469432.000000
-469732.000000
-470032.000000
-470332.000000
-470632.000000
-470932.000000
-471232.000000
-471532.000000
-471832.000000
-472132.000000
-472432.000000
-472732.000000
-473032.000000
-473332.000000
-473632.000000
-473932.000000
-474232.000000
-474532.000000
-474832.000000
-475132.000000
-475432.000000
-475732.000000
-476032.000000
-476332.000000
-476632.000000
-476932.000000
-477232.000000
-477532.000000
-477832.000000
-478132.000000
-478432.000000
-478732.000000
-479032.000000
-479332.000000
-479632.000000
-479932.000000
-480232.000000
-480532.000000
-480832.000000
-481132.000000
-481432.000000
-481732.000000
-482032.000000
-482332.000000
-482632.000000
-482932.000000
-483232.000000
-483532.000000
-483832.000000
-484132.000000
-484432.000000
-484732.000000
-485032.000000
-485332.000000
-485632.000000
-485932.000000
-486232.000000
-486532.000000
-486832.000000
-487132.000000
-487432.000000
-487732.000000
-488032.000000
-488332.000000
-488632.000000
-488932.000000
-489232.000000
-489532.000000
-489832.000000
-490132.000000
-490432.000000
-490732.000000
-491032.000000
-491332.000000
-491632.000000
-491932.000000
-492232.000000
-492532.000000
-492832.000000
-493132.000000
-493432.000000
-493732.000000
-494032.000000
-494332.000000
-494632.000000
-494932.000000
-495232.000000
-495532.000000
-495832.000000
-496132.000000
-496432.000000
-496732.000000
-497032.000000
-497332.000000
-497632.000000
-497932.000000
-498232.000000
-498532.000000
-498832.000000
-499132.000000
-499432.000000
-499732.000000
-500032.000000
-500332.000000
-500632.000000
-500932.000000
-501232.000000
-501532.000000
-501832.000000
-502132.000000
-502432.000000
-502732.000000
-503032.000000
-503332.000000
-503632.000000
-503932.000000
-504232.000000
-504532.000000
-504832.000000
-505132.000000
-505432.000000
-505732.000000
-506032.000000
-506332.000000
-506632.000000
-506932.000000
-507232.000000
-507532.000000
-507832.000000
-508132.000000
-508432.000000
-508732.000000
-509032.000000
-509332.000000
-509632.000000
-509932.000000
-510232.000000
-510532.000000
-510832.000000
-511132.000000
-511432.000000
-511732.000000
-512032.000000
-512332.000000
-512632.000000
-512932.000000
-513232.000000
-513532.000000
-513832.000000
-514132.000000
-514432.000000
-514732.000000
-515032.000000
-515332.000000
-515632.000000
-515932.000000
-516232.000000
-516532.000000
-516832.000000
-517132.000000
-517432.000000
-517732.000000
-518032.000000
-518332.000000
-518632.000000
-518932.000000
-519232.000000
-519532.000000
-519832.000000
-520132.000000
-520432.000000
-520732.000000
-521032.000000
-521332.000000
-521632.000000
-521932.000000
-522232.000000
-522532.000000
-522832.000000
-523132.000000
-523432.000000
-523732.000000
-524032.000000
-524332.000000
-524632.000000
-524932.000000
-525232.000000
-525532.000000
-525832.000000
-526132.000000
-526432.000000
-526732.000000
-527032.000000
-527332.000000
-527632.000000
-527932.000000
-528232.000000
-528532.000000
-528832.000000
-529132.000000
-529432.000000
-529732.000000
-530032.000000
-530332.000000
-530632.000000
-530932.000000
-531232.000000
-531532.000000
-531832.000000
-532132.000000
-532432.000000
-532732.000000
-533032.000000
-533332.000000
-533632.000000
-533932.000000
-534232.000000
-534532.000000
-534832.000000
-535132.000000
-535432.000000
-535732.000000
-536032.000000
-536332.000000
-536632.000000
-536932.000000
-537232.000000
-537532.000000
-537832.000000
-538132.000000
-538432.000000
-538732.000000
-539032.000000
-539332.000000
-539632.000000
-539932.000000
-540232.000000
-540532.000000
-540832.000000
-541132.000000
-541432.000000
-541732.000000
-542032.000000
-542332.000000
-542632.000000
-542932.000000
-543232.000000
-543532.000000
-543832.000000
-544132.000000
-544432.000000
-544732.000000
-545032.000000
-545332.000000
-545632.000000
-545932.000000
-546232.000000
-546532.000000
-546832.000000
-547132.000000
-547432.000000
-547732.000000
-548032.000000
-548332.000000
-548632.000000
-548932.000000
-549232.000000
-549532.000000
-549832.000000
-550132.000000
-550432.000000
-550732.000000
-551032.000000
-551332.000000
-551632.000000
-551932.000000
-552232.000000
-552532.000000
-552832.000000
-553132.000000
-553432.000000
-553732.000000
-554032.000000
-554332.000000
-554632.000000
-554932.000000
-555232.000000
-555532.000000
-555832.000000
-556132.000000
-556432.000000
-556732.000000
-557032.000000
-557332.000000
-557632.000000
-557932.000000
-558232.000000
-558532.000000
-558832.000000
-559132.000000
-559432.000000
-559732.000000
-560032.000000
-560332.000000
-560632.000000
-560932.000000
-561232.000000
-561532.000000
-561832.000000
-562132.000000
-562432.000000
-562732.000000
-563032.000000
-563332.000000
-563632.000000
-563932.000000
-564232.000000
-564532.000000
-564832.000000
-565132.000000
-565432.000000
-565732.000000
-566032.000000
-566332.000000
-566632.000000
-566932.000000
-567232.000000
-567532.000000
-567832.000000
-568132.000000
-568432.000000
-568732.000000
-569032.000000
-569332.000000
-569632.000000
-569932.000000
-570232.000000
-570532.000000
-570832.000000
-571132.000000
-571432.000000
-571732.000000
-572032.000000
-572332.000000
-572632.000000
-572932.000000
-573232.000000
-573532.000000
-573832.000000
-574132.000000
-574432.000000
-574732.000000
-575032.000000
-575332.000000
-575632.000000
-575932.000000
-576232.000000
-576532.000000
-576832.000000
-577132.000000
-577432.000000
-577732.000000
-578032.000000
-578332.000000
-578632.000000
-578932.000000
-579232.000000
-579532.000000
-579832.000000
-580132.000000
-580432.000000
-580732.000000
-581032.000000
-581332.000000
-581632.000000
-581932.000000
-582232.000000
-582532.000000
-582832.000000
-583132.000000
-583432.000000
-583732.000000
-584032.000000
-584332.000000
-584632.000000
-584932.000000
-585232.000000
-585532.000000
-585832.000000
-586132.000000
-586432.000000
-586732.000000
-587032.000000
-587332.000000
-587632.000000
-587932.000000
-588232.000000
-588532.000000
-588832.000000
-589132.000000
-589432.000000
-589732.000000
-590032.000000
-590332.000000
-590632.000000
-590932.000000
-591232.000000
-591532.000000
-591832.000000
-592132.000000
-592432.000000
-592732.000000
-593032.000000
-593332.000000
-593632.000000
-593932.000000
-594232.000000
-594532.000000
-594832.000000
-595132.000000
-595432.000000
-595732.000000
-596032.000000
-596332.000000
-596632.000000
-596932.000000
-597232.000000
-597532.000000
-597832.000000
-598132.000000
-598432.000000
-598732.000000
-599032.000000
-599332.000000
-599632.000000
-599932.000000
-600232.000000
-600532.000000
-600832.000000
-601132.000000
-601432.000000
-601732.000000
-602032.000000
-602332.000000
-602632.000000
-602932.000000
-603232.000000
-603532.000000
-603832.000000
-604132.000000
-604432.000000
-604732.000000
-605032.000000
-605332.000000
-605632.000000
-605932.000000
-606232.000000
-606532.000000
-606832.000000
-607132.000000
-607432.000000
-607732.000000
-608032.000000
-608332.000000
-608632.000000
-608932.000000
-609232.000000
-609532.000000
-609832.000000
-610132.000000
-610432.000000
-610732.000000
-611032.000000
-611332.000000
-611632.000000
-611932.000000
-612232.000000
-612532.000000
-612832.000000
-613132.000000
-613432.000000
-613732.000000
-614032.000000
-614332.000000
-614632.000000
-614932.000000
-615232.000000
-615532.000000
-615832.000000
-616132.000000
-616432.000000
-616732.000000
-617032.000000
-617332.000000
-617632.000000
-617932.000000
-618232.000000
-618532.000000
-618832.000000
-619132.000000
-619432.000000
-619732.000000
-620032.000000
-620332.000000
-620632.000000
-620932.000000
-621232.000000
-621532.000000
-621832.000000
-622132.000000
-622432.000000
-622732.000000
-623032.000000
-623332.000000
-623632.000000
-623932.000000
-624232.000000
-624532.000000
-624832.000000
-625132.000000
-625432.000000
-625732.000000
-626032.000000
-626332.000000
-626632.000000
-626932.000000
-627232.000000
-627532.000000
-627832.000000
-628132.000000
-628432.000000
-628732.000000
-629032.000000
-629332.000000
-629632.000000
-629932.000000
-630232.000000
-630532.000000
-630832.000000
-631132.000000
-631432.000000
-631732.000000
-632032.000000
-632332.000000
-632632.000000
-632932.000000
-633232.000000
-633532.000000
-633832.000000
-634132.000000
-634432.000000
-634732.000000
-635032.000000
-635332.000000
-635632.000000
-635932.000000
-636232.000000
-636532.000000
-636832.000000
-637132.000000
-637432.000000
-637732.000000
-638032.000000
-638332.000000
-638632.000000
-638932.000000
-639232.000000
-639532.000000
-639832.000000
-640132.000000
-640432.000000
-640732.000000
-641032.000000
-641332.000000
-641632.000000
-641932.000000
-642232.000000
-642532.000000
-642832.000000
-643132.000000
-643432.000000
-643732.000000
-644032.000000
-644332.000000
-644632.000000
-644932.000000
-645232.000000
-645532.000000
-645832.000000
-646132.000000
-646432.000000
-646732.000000
-647032.000000
-647332.000000
-647632.000000
-647932.000000
-648232.000000
-648532.000000
-648832.000000
-649132.000000
-649432.000000
-649732.000000
-650032.000000
-650332.000000
-650632.000000
-650932.000000
-651232.000000
-651532.000000
-651832.000000
-652132.000000
-652432.000000
-652732.000000
-653032.000000
-653332.000000
-653632.000000
-653932.000000
-654232.000000
-654532.000000
-654832.000000
-655132.000000
-655432.000000
-655732.000000
-656032.000000
-656332.000000
-656632.000000
-656932.000000
-657232.000000
-657532.000000
-657832.000000
-658132.000000
-658432.000000
-658732.000000
-659032.000000
-659332.000000
-659632.000000
-659932.000000
-660232.000000
-660532.000000
-660832.000000
-661132.000000
-661432.000000
-661732.000000
-662032.000000
-662332.000000
-662632.000000
-662932.000000
-663232.000000
-663532.000000
-663832.000000
-664132.000000
-664432.000000
-664732.000000
-665032.000000
-665332.000000
-665632.000000
-665932.000000
-666232.000000
-666532.000000
-666832.000000
-667132.000000
-667432.000000
-667732.000000
-668032.000000
-668332.000000
-668632.000000
-668932.000000
-669232.000000
-669532.000000
-669832.000000
-670132.000000
-670432.000000
-670732.000000
-671032.000000
-671332.000000
-671632.000000
-671932.000000
-672232.000000
-672532.000000
-672832.000000
-673132.000000
-673432.000000
-673732.000000
-674032.000000
-674332.000000
-674632.000000
-674932.000000
-675232.000000
-675532.000000
-675832.000000
-676132.000000
-676432.000000
-676732.000000
-677032.000000
-677332.000000
-677632.000000
-677932.000000
-678232.000000
-678532.000000
-678832.000000
-679132.000000
-679432.000000
-679732.000000
-680032.000000
-680332.000000
-680632.000000
-680932.000000
-681232.000000
-681532.000000
-681832.000000
-682132.000000
-682432.000000
-682732.000000
-683032.000000
-683332.000000
-683632.000000
-683932.000000
-684232.000000
-684532.000000
-684832.000000
-685132.000000
-685432.000000
-685732.000000
-686032.000000
-686332.000000
-686632.000000
-686932.000000
-687232.000000
-687532.000000
-687832.000000
-688132.000000
-688432.000000
-688732.000000
-689032.000000
-689332.000000
-689632.000000
-689932.000000
-690232.000000
-690532.000000
-690832.000000
-691132.000000
-691432.000000
-691732.000000
-692032.000000
-692332.000000
-692632.000000
-692932.000000
-693232.000000
-693532.000000
-693832.000000
-694132.000000
-694432.000000
-694732.000000
-695032.000000
-695332.000000
-695632.000000
-695932.000000
-696232.000000
-696532.000000
-696832.000000
-697132.000000
-697432.000000
-697732.000000
-698032.000000
-698332.000000
-698632.000000
-698932.000000
-699232.000000
-699532.000000
-699832.000000
-700132.000000
-700432.000000
-700732.000000
-701032.000000
-701332.000000
-701632.000000
-701932.000000
-702232.000000
-702532.000000
-702832.000000
-703132.000000
-703432.000000
-703732.000000
-704032.000000
-704332.000000
-704632.000000
-704932.000000
-705232.000000
-705532.000000
-705832.000000
-706132.000000
-706432.000000
-706732.000000
-707032.000000
-707332.000000
-707632.000000
-707932.000000
-708232.000000
-708532.000000
-708832.000000
-709132.000000
-709432.000000
-709732.000000
-710032.000000
-710332.000000
-710632.000000
-710932.000000
-711232.000000
-711532.000000
-711832.000000
-712132.000000
-712432.000000
-712732.000000
-713032.000000
-713332.000000
-713632.000000
-713932.000000
-714232.000000
-714532.000000
-714832.000000
-715132.000000
-715432.000000
-715732.000000
-716032.000000
-716332.000000
-716632.000000
-716932.000000
-717232.000000
-717532.000000
-717832.000000
-718132.000000
-718432.000000
-718732.000000
-719032.000000
-719332.000000
-719632.000000
-719932.000000
-720232.000000
-720532.000000
-720832.000000
-721132.000000
-721432.000000
-721732.000000
-722032.000000
-722332.000000
-722632.000000
-722932.000000
-723232.000000
-723532.000000
-723832.000000
-724132.000000
-724432.000000
-724732.000000
-725032.000000
-725332.000000
-725632.000000
-725932.000000
-726232.000000
-726532.000000
-726832.000000
-727132.000000
-727432.000000
-727732.000000
-728032.000000
-728332.000000
-728632.000000
-728932.000000
-729232.000000
-729532.000000
-729832.000000
-730132.000000
-730432.000000
-730732.000000
-731032.000000
-731332.000000
-731632.000000
-731932.000000
-732232.000000
-732532.000000
-732832.000000
-733132.000000
-733432.000000
-733732.000000
-734032.000000
-734332.000000
-734632.000000
-734932.000000
-735232.000000
-735532.000000
-735832.000000
-736132.000000
-736432.000000
-736732.000000
-737032.000000
-737332.000000
-737632.000000
-737932.000000
-738232.000000
-738532.000000
-738832.000000
-739132.000000
-739432.000000
-739732.000000
-740032.000000
-740332.000000
-740632.000000
-740932.000000
-741232.000000
-741532.000000
-741832.000000
-742132.000000
-742432.000000
-742732.000000
-743032.000000
-743332.000000
-743632.000000
-743932.000000
-744232.000000
-744532.000000
-744832.000000
-745132.000000
-745432.000000
-745732.000000
-746032.000000
-746332.000000
-746632.000000
-746932.000000
-747232.000000
-747532.000000
-747832.000000
-748132.000000
-748432.000000
-748732.000000
-749032.000000
-749332.000000
-749632.000000
-749932.000000
-750232.000000
-750532.000000
-750832.000000
-751132.000000
-751432.000000
-751732.000000
-752032.000000
-752332.000000
-752632.000000
-752932.000000
-753232.000000
-753532.000000
-753832.000000
-754132.000000
-754432.000000
-754732.000000
-755032.000000
-755332.000000
-755632.000000
-755932.000000
-756232.000000
-756532.000000
-756832.000000
-757132.000000
-757432.000000
-757732.000000
-758032.000000
