-6.000000
-12.000000
-16.880000
-20.400000
-25.100000
-30.140000
-36.140000
-42.140000
-48.140000
-50.760000
-56.760000
-62.760000
-68.760000
-74.760000
-80.760000
-86.760000
-92.760000
-98.760000
-101.960000
-107.960000
-113.960000
-119.960000
-121.740000
-127.740000
-131.080000
-137.080000
-140.220000
-146.220000
-152.220000
-154.520000
-160.520000
-162.380000
-168.380000
-170.420000
-172.100000
-176.560000
-178.080000
-181.280000
-185.920000
-191.920000
-193.440000
-198.380000
-202.280000
-203.060000
-209.060000
-215.060000
-221.060000
-222.880000
-225.880000
-226.340000
-226.340000
-223.640000
-223.820000
-223.680000
-223.400000
-223.180000
-220.680000
-219.500000
-214.300000
-216.220000
-216.220000
-216.220000
-216.000000
-210.800000
-208.760000
-208.760000
-208.760000
-208.760000
-211.560000
-211.160000
-211.160000
-211.160000
-215.380000
-213.000000
-211.140000
-211.140000
-210.520000
-210.520000
-206.060000
-204.780000
-202.900000
-203.180000
-203.180000
-204.520000
-206.300000
-207.840000
-209.820000
-208.180000
-204.540000
-204.540000
-206.360000
-203.160000
-200.900000
-200.900000
-200.900000
-200.900000
-198.240000
-198.040000
-195.880000
-195.880000
-190.880000
-192.480000
-188.900000
-191.520000
-193.100000
-194.280000
-195.860000
-196.120000
-196.400000
-197.860000
-195.160000
-191.940000
-192.160000
-197.360000
-199.400000
-194.360000
-194.360000
-194.360000
-193.660000
-193.420000
-193.420000
-193.420000
-192.540000
-189.660000
-191.880000
-191.880000
-195.360000
-195.360000
-195.800000
-195.840000
-195.720000
-195.240000
-195.240000
-193.460000
-191.760000
-191.760000
-193.400000
-193.480000
-193.480000
-193.020000
-195.680000
-199.940000
-199.940000
-199.940000
-197.920000
-193.220000
-191.520000
-195.900000
-195.900000
-195.900000
-195.900000
-196.180000
-200.700000
-200.700000
-200.700000
-200.700000
-200.780000
-201.700000
-203.260000
-203.260000
-205.960000
-209.180000
-209.180000
-209.180000
-209.180000
-212.740000
-208.420000
-205.340000
-201.720000
-197.920000
-194.660000
-193.580000
-194.460000
-199.720000
-197.520000
-195.700000
-195.700000
-192.840000
-192.420000
-192.240000
-192.480000
-192.460000
-192.460000
-196.860000
-196.620000
-196.620000
-197.480000
-197.400000
-202.400000
-202.860000
-198.440000
-198.440000
-199.040000
-199.340000
-201.360000
-204.500000
-204.460000
-199.300000
-199.300000
-199.300000
-199.300000
-197.660000
-197.660000
-197.660000
-197.660000
-197.660000
-194.220000
-191.100000
-189.480000
-189.480000
-189.480000
-189.480000
-189.480000
-187.880000
-184.980000
-186.460000
-190.780000
-193.860000
-194.160000
-194.280000
-195.840000
-192.780000
-192.780000
-190.380000
-190.440000
-192.260000
-192.260000
-190.960000
-190.960000
-190.880000
-191.140000
-195.500000
-195.500000
-191.120000
-191.100000
-188.120000
-188.120000
-189.720000
-184.720000
-184.540000
-184.580000
-184.580000
-184.700000
-184.440000
-184.440000
-186.000000
-187.840000
-187.840000
-188.060000
-188.060000
-188.340000
-186.360000
-186.360000
-186.360000
-183.040000
-183.040000
-187.320000
-190.440000
-190.400000
-190.400000
-187.860000
-184.760000
-184.760000
-184.580000
-185.440000
-185.440000
-182.840000
-182.840000
-184.280000
-188.340000
-190.040000
-189.840000
-185.460000
-183.540000
-183.500000
-183.500000
-180.520000
-180.260000
-180.280000
-180.860000
-182.360000
-181.600000
-181.600000
-183.640000
-183.740000
-186.720000
-186.720000
-185.240000
-185.240000
-182.440000
-182.520000
-182.520000
-183.580000
-183.540000
-183.540000
-183.540000
-182.040000
-183.260000
-183.660000
-183.660000
-188.380000
-188.680000
-188.680000
-188.680000
-188.980000
-188.980000
-184.800000
-184.800000
-186.800000
-186.800000
-185.240000
-188.340000
-188.340000
-187.100000
-189.140000
-189.140000
-189.520000
-189.520000
-188.320000
-184.700000
-184.700000
-184.920000
-185.120000
-184.180000
-184.480000
-184.480000
-187.460000
-187.780000
-188.100000
-189.760000
-185.740000
-182.560000
-182.560000
-180.720000
-180.940000
-180.940000
-176.840000
-177.020000
-182.020000
-185.000000
-185.200000
-185.200000
-183.140000
-184.140000
-184.140000
-184.140000
-184.140000
-184.400000
-188.940000
-188.940000
-188.940000
-188.940000
-188.940000
-188.940000
-188.940000
-188.940000
-188.940000
-188.940000
-188.940000
-188.940000
-188.940000
-188.940000
-188.940000
-188.940000
-188.940000
-188.940000
-188.940000
-188.940000
-188.940000
-188.940000
-188.940000
-188.940000
-188.940000
-188.940000
-188.940000
-188.940000
-188.940000
-188.940000
-188.940000
-188.940000
-188.940000
-188.940000
-188.940000
-188.940000
-188.940000
-188.940000
-188.940000
-188.940000
-188.940000
-188.940000
-188.940000
-188.940000
-188.940000
-188.940000
-188.940000
-188.940000
-188.940000
-188.940000
-188.940000
-188.940000
-188.940000
-188.940000
-188.940000
-188.940000
-188.940000
-188.940000
-188.940000
-188.940000
-188.940000
-188.940000
-188.940000
-188.940000
-188.940000
-188.940000
-188.940000
-188.940000
-188.940000
-188.940000
-188.940000
-188.940000
-188.940000
-188.940000
-188.940000
-188.940000
-188.940000
-188.940000
-188.940000
-188.940000
-188.940000
-188.940000
-188.940000
-188.940000
-188.940000
-188.940000
-188.940000
-188.940000
-188.940000
-188.940000
-188.940000
-188.940000
-188.940000
-188.940000
-188.940000
-188.940000
-188.940000
-188.940000
-188.940000
-188.940000
-188.940000
-188.940000
-188.940000
-188.940000
-188.940000
-188.940000
-188.940000
-188.940000
-188.940000
-188.940000
-188.940000
-188.940000
-188.940000
-188.940000
-188.940000
-188.940000
-188.940000
-188.940000
-188.940000
-188.940000
-188.940000
-188.940000
-188.940000
-188.940000
-188.940000
-188.940000
-188.940000
-188.940000
-188.940000
-188.940000
-188.940000
-188.940000
-188.940000
-188.940000
-188.940000
-188.940000
-188.940000
-188.940000
-188.940000
-188.940000
-188.940000
-188.940000
-188.940000
-188.940000
-188.940000
-188.940000
-188.940000
-188.940000
-188.940000
-188.940000
-188.940000
-188.940000
-188.940000
-188.940000
-188.940000
-188.940000
-188.940000
-188.940000
-188.940000
-188.940000
-188.940000
-188.940000
-188.940000
-188.940000
-188.940000
-188.940000
-188.940000
-188.940000
-188.940000
-188.940000
-188.940000
-188.940000
-188.940000
-188.940000
-188.940000
-188.940000
-188.940000
-188.940000
-188.940000
-188.940000
-188.940000
-188.940000
-188.940000
-188.940000
-188.940000
-188.940000
-188.940000
-188.940000
-188.940000
-188.940000
-188.940000
-188.940000
-188.940000
-188.940000
-188.940000
-188.940000
-188.940000
-188.940000
-188.940000
-188.940000
-188.940000
-188.940000
-188.940000
-188.940000
-188.940000
-188.940000
-188.940000
-188.940000
-188.940000
-188.940000
-188.940000
-188.940000
-188.940000
-188.940000
-188.940000
-188.940000
-188.940000
-188.940000
-188.940000
-188.940000
-188.940000
-188.940000
-188.940000
-188.940000
-188.940000
-188.940000
-188.940000
-188.940000
-188.940000
-188.940000
-188.940000
-188.940000
-188.940000
-188.940000
-188.940000
-188.940000
-188.940000
-188.940000
-188.940000
-188.940000
-188.940000
-188.940000
-188.940000
-188.940000
-188.940000
-188.940000
-188.940000
-188.940000
-188.940000
-188.940000
-188.940000
-188.940000
-188.940000
-188.940000
-188.940000
-188.940000
-188.940000
-188.940000
-188.940000
-188.940000
-188.940000
-188.940000
-188.940000
-188.940000
-188.940000
-188.940000
-188.940000
-188.940000
-188.940000
-188.940000
-188.940000
-188.940000
-188.940000
-188.940000
-188.940000
-188.940000
-188.940000
-188.940000
-188.940000
-188.940000
-188.940000
-188.940000
-188.940000
-188.940000
-188.940000
-188.940000
-188.940000
-188.940000
-188.940000
-188.940000
-188.940000
-188.940000
-188.940000
-188.940000
-188.940000
-188.940000
-188.940000
-188.940000
-188.940000
-188.940000
-188.940000
-188.940000
-188.940000
-188.940000
-188.940000
-188.940000
-188.940000
-188.940000
-188.940000
-188.940000
-188.940000
-188.940000
-188.940000
-188.940000
-188.940000
-188.940000
-188.940000
-188.940000
-188.940000
-188.940000
-188.940000
-188.940000
-188.940000
-188.940000
-188.940000
-188.940000
-188.940000
-188.940000
-188.940000
-188.940000
-188.940000
-188.940000
-188.940000
-188.940000
-188.940000
-188.940000
-188.940000
-188.940000
-188.940000
-188.940000
-188.940000
-188.940000
-188.940000
-188.940000
-188.940000
-188.940000
-188.940000
-188.940000
-188.940000
-188.940000
-188.940000
-188.940000
-188.940000
-188.940000
-188.940000
-188.940000
-188.940000
-188.940000
-188.940000
-188.940000
-188.940000
-188.940000
-188.940000
-188.940000
-188.940000
-188.940000
-188.940000
-188.940000
-188.940000
-188.940000
-188.940000
-188.940000
-188.940000
-188.940000
-188.940000
-188.940000
-188.940000
-188.940000
-188.940000
-188.940000
-188.940000
-188.940000
-188.940000
-188.940000
-188.940000
-188.940000
-188.940000
-188.940000
-188.940000
-188.940000
-188.940000
-188.940000
-188.940000
-188.940000
-188.940000
-188.940000
-188.940000
-188.940000
-188.940000
-188.940000
-188.940000
-188.940000
-188.940000
-188.940000
-188.940000
-188.940000
-188.940000
-188.940000
-188.940000
-188.940000
-188.940000
-188.940000
-188.940000
-188.940000
-188.940000
-188.940000
-188.940000
-188.940000
-188.940000
-188.940000
-188.940000
-188.940000
-188.940000
-188.940000
-188.940000
-188.940000
-188.940000
-188.940000
-188.940000
-188.940000
-188.940000
-188.940000
-188.940000
-188.940000
-188.940000
-188.940000
-188.940000
-188.940000
-188.940000
-188.940000
-188.940000
-188.940000
-188.940000
-188.940000
-188.940000
-188.940000
-188.940000
-188.940000
-188.940000
-188.940000
-188.940000
-188.940000
-188.940000
-188.940000
-188.940000
-188.940000
-188.940000
-188.940000
-188.940000
-188.940000
-188.940000
-188.940000
-188.940000
-188.940000
-188.940000
-188.940000
-188.940000
-188.940000
-188.940000
-188.940000
-188.940000
-188.940000
-188.940000
-188.940000
-188.940000
-188.940000
-188.940000
-188.940000
-188.940000
-188.940000
-188.940000
-188.940000
-188.940000
-188.940000
-188.940000
-188.940000
-188.940000
-188.940000
-188.940000
-188.940000
-188.940000
-188.940000
-188.940000
-188.940000
-188.940000
-188.940000
-188.940000
-188.940000
-188.940000
-188.940000
-188.940000
-188.940000
-188.940000
-188.940000
-188.940000
-188.940000
-188.940000
-188.940000
-188.940000
-188.940000
-188.940000
-188.940000
-188.940000
-188.940000
-188.940000
-188.940000
-188.940000
-188.940000
-188.940000
-188.940000
-188.940000
-188.940000
-188.940000
-188.940000
-188.940000
-188.940000
-188.940000
-188.940000
-188.940000
-188.940000
-188.940000
-188.940000
-188.940000
-188.940000
-188.940000
-188.940000
-188.940000
-188.940000
-188.940000
-188.940000
-188.940000
-188.940000
-188.940000
-188.940000
-188.940000
-188.940000
-188.940000
-188.940000
-188.940000
-188.940000
-188.940000
-188.940000
-188.940000
-188.940000
-188.940000
-188.940000
-188.940000
-188.940000
-188.940000
-188.940000
-188.940000
-188.940000
-188.940000
-188.940000
-188.940000
-188.940000
-188.940000
-188.940000
-188.940000
-188.940000
-188.940000
-188.940000
-188.940000
-188.940000
-188.940000
-188.940000
-188.940000
-188.940000
-188.940000
-188.940000
-188.940000
-188.940000
-188.940000
-188.940000
-188.940000
-188.940000
-188.940000
-188.940000
-188.940000
-188.940000
-188.940000
-188.940000
-188.940000
-188.940000
-188.940000
-188.940000
-188.940000
-188.940000
-188.940000
-188.940000
-188.940000
-188.940000
-188.940000
-188.940000
-188.940000
-188.940000
-188.940000
-188.940000
-188.940000
-188.940000
-188.940000
-188.940000
-188.940000
-188.940000
-188.940000
-188.940000
-188.940000
-188.940000
-188.940000
-188.940000
-188.940000
-188.940000
-188.940000
-188.940000
-188.940000
-188.940000
-188.940000
-188.940000
-188.940000
-188.940000
-188.940000
-188.940000
-188.940000
-188.940000
-188.940000
-188.940000
-188.940000
-188.940000
-188.940000
-188.940000
-188.940000
-188.940000
-188.940000
-188.940000
-188.940000
-188.940000
-188.940000
-188.940000
-188.940000
-188.940000
-188.940000
-188.940000
-188.940000
-188.940000
-188.940000
-188.940000
-188.940000
-188.940000
-188.940000
-188.940000
-188.940000
-188.940000
-188.940000
-188.940000
-188.940000
-188.940000
-188.940000
-188.940000
-188.940000
-188.940000
-188.940000
-188.940000
-188.940000
-188.940000
-188.940000
-188.940000
-188.940000
-188.940000
-188.940000
-188.940000
-188.940000
-188.940000
-188.940000
-188.940000
-188.940000
-188.940000
-188.940000
-188.940000
-188.940000
-188.940000
-188.940000
-188.940000
-188.940000
-188.940000
-188.940000
-188.940000
-188.940000
-188.940000
-188.940000
-188.940000
-188.940000
-188.940000
-188.940000
-188.940000
-188.940000
-188.940000
-188.940000
-188.940000
-188.940000
-188.940000
-188.940000
-188.940000
-188.940000
-188.940000
-188.940000
-188.940000
-188.940000
-188.940000
-188.940000
-188.940000
-188.940000
-188.940000
-188.940000
-188.940000
-188.940000
-188.940000
-188.940000
-188.940000
-188.940000
-188.940000
-188.940000
-188.940000
-188.940000
-188.940000
-188.940000
-188.940000
-188.940000
-188.940000
-188.940000
-188.940000
-188.940000
-188.940000
-188.940000
-188.940000
-188.940000
-188.940000
-188.940000
-188.940000
-188.940000
-188.940000
-188.940000
-188.940000
-188.940000
-188.940000
-188.940000
-188.940000
-188.940000
-188.940000
-188.940000
-188.940000
-188.940000
-188.940000
-188.940000
-188.940000
-188.940000
-188.940000
-188.940000
-188.940000
-188.940000
-188.940000
-188.940000
-188.940000
-188.940000
-188.940000
-188.940000
-188.940000
-188.940000
-188.940000
-188.940000
-188.940000
-188.940000
-188.940000
-188.940000
-188.940000
-188.940000
-188.940000
-188.940000
-188.940000
-188.940000
-188.940000
-188.940000
-188.940000
-188.940000
-188.940000
-188.940000
-188.940000
-188.940000
-188.940000
-188.940000
-188.940000
-188.940000
-188.940000
-188.940000
-188.940000
-188.940000
-188.940000
-188.940000
-188.940000
-188.940000
-188.940000
-188.940000
-188.940000
-188.940000
-188.940000
-188.940000
-188.940000
-188.940000
-188.940000
-188.940000
-188.940000
-188.940000
-188.940000
-188.940000
-188.940000
-188.940000
-188.940000
-188.940000
-188.940000
-188.940000
-188.940000
-188.940000
-188.940000
-188.940000
-188.940000
-188.940000
-188.940000
-188.940000
-188.940000
-188.940000
-188.940000
-188.940000
-188.940000
-188.940000
-188.940000
-188.940000
-188.940000
-188.940000
-188.940000
-188.940000
-188.940000
-188.940000
-188.940000
-188.940000
-188.940000
-188.940000
-188.940000
-188.940000
-188.940000
-188.940000
-188.940000
-188.940000
-188.940000
-188.940000
-188.940000
-188.940000
-188.940000
-188.940000
-188.940000
-188.940000
-188.940000
-188.940000
-188.940000
-188.940000
-188.940000
-188.940000
-188.940000
-188.940000
-188.940000
-188.940000
-188.940000
-188.940000
-188.940000
-188.940000
-188.940000
-188.940000
-188.940000
-188.940000
-188.940000
-188.940000
-188.940000
-188.940000
-188.940000
-188.940000
-188.940000
-188.940000
-188.940000
-188.940000
-188.940000
-188.940000
-188.940000
-188.940000
-188.940000
-188.940000
-188.940000
-188.940000
-188.940000
-188.940000
-188.940000
-188.940000
-188.940000
-188.940000
-188.940000
-188.940000
-188.940000
-188.940000
-188.940000
-188.940000
-188.940000
-188.940000
-188.940000
-188.940000
-188.940000
-188.940000
-188.940000
-188.940000
-188.940000
-188.940000
-188.940000
-188.940000
-188.940000
-188.940000
-188.940000
-188.940000
-188.940000
-188.940000
-188.940000
-188.940000
-188.940000
-188.940000
-188.940000
-188.940000
-188.940000
-188.940000
-188.940000
-188.940000
-188.940000
-188.940000
-188.940000
-188.940000
-188.940000
-188.940000
-188.940000
