-6.000000
-12.000000
-16.140000
-22.140000
-22.940000
-28.940000
-34.940000
-40.640000
-41.440000
-47.440000
-52.180000
-58.180000
-64.180000
-70.180000
-76.180000
-82.180000
-88.180000
-94.180000
-96.240000
-102.240000
-108.240000
-109.720000
-114.860000
-115.600000
-121.600000
-127.600000
-133.600000
-139.600000
-141.280000
-142.080000
-148.080000
-154.080000
-160.080000
-166.080000
-169.860000
-175.860000
-181.860000
-186.780000
-187.780000
-193.780000
-199.780000
-205.780000
-207.140000
-209.860000
-215.860000
-216.760000
-222.760000
-224.680000
-225.520000
-225.980000
-220.980000
-220.980000
-218.440000
-218.440000
-221.300000
-221.300000
-221.300000
-221.600000
-225.440000
-225.440000
-226.700000
-223.220000
-223.220000
-218.060000
-218.060000
-212.960000
-212.960000
-212.960000
-216.900000
-214.380000
-214.380000
-216.160000
-212.480000
-212.480000
-212.480000
-212.480000
-212.480000
-208.440000
-212.760000
-217.960000
-215.380000
-215.380000
-215.380000
-211.120000
-213.340000
-213.340000
-213.340000
-213.700000
-213.700000
-213.700000
-213.700000
-209.800000
-209.800000
-207.860000
-207.860000
-207.860000
-207.860000
-210.180000
-213.900000
-213.900000
-213.900000
-213.900000
-218.300000
-218.300000
-215.440000
-215.440000
-213.100000
-208.460000
-204.640000
-204.640000
-204.640000
-208.120000
-208.120000
-210.100000
-208.520000
-208.500000
-208.500000
-205.040000
-203.640000
-206.160000
-206.160000
-204.580000
-206.560000
-207.760000
-207.760000
-203.440000
-203.440000
-207.480000
-207.480000
-202.340000
-204.920000
-200.920000
-200.600000
-204.860000
-204.860000
-204.860000
-202.760000
-203.480000
-203.480000
-203.480000
-203.480000
-207.380000
-211.400000
-211.400000
-211.400000
-211.400000
-211.400000
-208.680000
-204.960000
-204.960000
-204.960000
-204.960000
-200.440000
-200.320000
-200.340000
-200.340000
-202.680000
-207.320000
-212.500000
-210.540000
-210.540000
-210.540000
-210.540000
-213.720000
-215.300000
-218.580000
-218.580000
-222.040000
-222.840000
-222.840000
-222.840000
-224.740000
-227.300000
-226.460000
-226.460000
-230.780000
-230.780000
-230.780000
-226.660000
-226.600000
-225.320000
-229.320000
-229.640000
-229.640000
-227.460000
-225.700000
-227.800000
-227.800000
-231.320000
-231.320000
-228.900000
-225.960000
-221.940000
-221.940000
-221.940000
-221.940000
-221.940000
-222.560000
-222.560000
-222.560000
-222.560000
-222.560000
-227.080000
-227.200000
-232.380000
-232.380000
-232.380000
-232.380000
-232.080000
-234.040000
-234.040000
-234.040000
-232.080000
-226.880000
-226.880000
-223.600000
-223.600000
-223.600000
-224.200000
-224.200000
-222.540000
-224.960000
-224.960000
-227.340000
-227.340000
-227.340000
-227.340000
-227.340000
-228.800000
-228.800000
-226.760000
-223.740000
-223.740000
-223.740000
-223.500000
-223.840000
-223.840000
-221.140000
-217.620000
-217.620000
-220.040000
-222.980000
-223.440000
-223.440000
-223.440000
-223.440000
-223.440000
-223.160000
-223.160000
-223.160000
-223.180000
-223.180000
-218.660000
-218.660000
-218.660000
-218.660000
-216.320000
-211.640000
-206.740000
-205.380000
-205.380000
-205.380000
-207.340000
-212.540000
-212.540000
-212.540000
-212.540000
-212.540000
-208.260000
-208.260000
-209.920000
-205.720000
-205.720000
-202.980000
-202.980000
-202.980000
-202.980000
-198.820000
-201.480000
-206.680000
-210.000000
-213.020000
-213.020000
-213.020000
-212.460000
-213.880000
-213.880000
-214.220000
-214.220000
-214.220000
-214.220000
-214.220000
-215.840000
-215.840000
-215.840000
-215.840000
-215.840000
-217.580000
-217.580000
-217.580000
-217.560000
-217.560000
-218.680000
-218.680000
-213.480000
-213.480000
-215.820000
-220.500000
-225.600000
-226.960000
-223.880000
-223.880000
-223.880000
-222.140000
-222.140000
-222.140000
-222.140000
-222.140000
-222.540000
-221.160000
-221.160000
-221.360000
-221.360000
-222.720000
-222.720000
-222.580000
-222.580000
-222.460000
-222.460000
-217.260000
-217.260000
-212.720000
-212.720000
-212.720000
-211.440000
-211.440000
-211.440000
-211.060000
-211.080000
-211.080000
-211.080000
-211.080000
-209.120000
-209.120000
-209.120000
-209.120000
-209.120000
-206.360000
-206.380000
-206.380000
-206.380000
-206.380000
-206.540000
-206.540000
-206.540000
-206.280000
-202.100000
-197.420000
-192.320000
-192.320000
-194.280000
-190.660000
-190.660000
-187.200000
-187.200000
-190.600000
-190.600000
-187.220000
-191.100000
-192.480000
-192.480000
-196.480000
-196.480000
-200.380000
-200.380000
-200.520000
-200.520000
-204.800000
-204.800000
-210.000000
-210.000000
-214.540000
-214.540000
-214.540000
-218.800000
-218.800000
-218.800000
-221.540000
-226.520000
-225.660000
-225.660000
-225.660000
-227.460000
-227.460000
-227.460000
-227.560000
-226.960000
-226.960000
-226.960000
-227.060000
-227.060000
-227.060000
-227.060000
-226.800000
-226.800000
-227.060000
-226.840000
-226.840000
-226.840000
-226.840000
-227.960000
-229.880000
-229.880000
-229.880000
-229.620000
-226.220000
-226.220000
-225.800000
-223.700000
-219.580000
-219.580000
-219.580000
-219.580000
-219.580000
-219.580000
-219.580000
-219.580000
-219.580000
-219.580000
-219.580000
-219.580000
-219.580000
-219.580000
-215.380000
-211.900000
-211.900000
-211.900000
-207.640000
-202.640000
-203.500000
-203.500000
-199.300000
-197.980000
-197.980000
-197.980000
-197.880000
-198.480000
-201.200000
-201.180000
-201.080000
-201.080000
-201.080000
-200.420000
-200.680000
-200.680000
-200.680000
-205.080000
-209.460000
-209.480000
-209.480000
-209.480000
-211.180000
-211.180000
-212.860000
-213.120000
-218.240000
-213.840000
-217.640000
-217.620000
-217.440000
-215.780000
-211.980000
-209.360000
-205.180000
-200.700000
-200.700000
-200.700000
-196.400000
-196.400000
-196.400000
-195.860000
-195.860000
-195.860000
-200.060000
-200.960000
-198.820000
-194.520000
-198.780000
-202.760000
-199.100000
-196.240000
-199.120000
-198.660000
-198.660000
-197.040000
-198.760000
-195.860000
-198.300000
-198.400000
-200.260000
-205.260000
-202.860000
-203.040000
-203.040000
-203.040000
-200.840000
-198.840000
-194.460000
-194.440000
-192.460000
-187.940000
-186.180000
-183.800000
-182.140000
-178.300000
-173.200000
-176.400000
-176.400000
-174.220000
-174.120000
-172.120000
-171.600000
-174.220000
-178.400000
-182.880000
-182.880000
-182.880000
-187.180000
-187.180000
-187.180000
-183.460000
-179.460000
-176.680000
-172.700000
-175.280000
-175.480000
-179.780000
-179.780000
-180.800000
-184.460000
-187.320000
-188.640000
-193.140000
-198.260000
-199.000000
-198.760000
-197.220000
-193.120000
-194.700000
-194.080000
-194.080000
-196.480000
-200.200000
-200.200000
-205.400000
-207.600000
-209.600000
-214.280000
-219.480000
-221.460000
-225.980000
-227.740000
-230.120000
-235.300000
-239.140000
-244.240000
-245.440000
-243.080000
-244.360000
-247.080000
-250.740000
-252.320000
-252.320000
-252.320000
-252.320000
-252.320000
-252.320000
-251.400000
-247.080000
-241.880000
-242.420000
-242.440000
-244.160000
-243.780000
-239.340000
-239.440000
-235.000000
-230.520000
-230.520000
-230.520000
-230.520000
-230.520000
-230.520000
-230.620000
-231.500000
-230.040000
-232.540000
-232.860000
-233.060000
-233.140000
-229.560000
-225.180000
-225.180000
-225.180000
-225.180000
-225.180000
-225.180000
-225.180000
-225.180000
-222.440000
-217.900000
-214.180000
-210.460000
-205.260000
-202.000000
-196.880000
-192.480000
-191.900000
-190.520000
-187.940000
-187.940000
-190.680000
-187.900000
-183.560000
-181.460000
-178.840000
-177.660000
-174.640000
-174.520000
-176.200000
-175.500000
-175.100000
-173.240000
-176.920000
-181.360000
-181.560000
-183.280000
-184.860000
-181.360000
-181.360000
-181.360000
-181.360000
-181.360000
-181.360000
-181.360000
-186.120000
-183.540000
-183.100000
-186.380000
-190.600000
-194.180000
-198.560000
-198.560000
-198.560000
-198.560000
-198.560000
-198.560000
-198.560000
-198.560000
-199.820000
-201.600000
-203.700000
-204.940000
-204.940000
-205.440000
-205.440000
-205.820000
-206.640000
-207.120000
-207.020000
-203.620000
-199.220000
-197.440000
-197.480000
-199.580000
-202.200000
-203.380000
-207.320000
-211.760000
-215.280000
-219.700000
-224.080000
-227.000000
-224.960000
-220.460000
-219.020000
-218.780000
-217.380000
-220.880000
-220.880000
-220.880000
-220.880000
-216.240000
-216.240000
-216.240000
-211.460000
-214.540000
-214.380000
-209.220000
-205.260000
-202.000000
-197.440000
-195.260000
-195.260000
-193.100000
-191.720000
-187.280000
-187.280000
-185.540000
-187.020000
-185.240000
-186.660000
-188.560000
-188.580000
-191.340000
-196.460000
-200.480000
-202.600000
-203.880000
-203.840000
-207.240000
-207.520000
-208.000000
-208.240000
-203.840000
-201.120000
-201.120000
-201.120000
-201.120000
-197.540000
-193.220000
-188.780000
-185.840000
-185.760000
-187.280000
-190.360000
-193.320000
-197.620000
-197.620000
-197.620000
-197.620000
-197.620000
-198.240000
-193.020000
-189.160000
-189.200000
-186.120000
-186.420000
-186.420000
-186.500000
-186.320000
-190.880000
-193.060000
-193.060000
-195.220000
-196.600000
-201.040000
-201.040000
-202.780000
-202.780000
-204.840000
-201.160000
-198.880000
-198.920000
-198.920000
-198.920000
-198.920000
-198.920000
-201.560000
-205.960000
-205.960000
-209.160000
-209.000000
-207.800000
-208.340000
-211.060000
-211.060000
-206.900000
-206.900000
-207.440000
-207.320000
-207.480000
-207.680000
-206.100000
-206.200000
-204.720000
-203.340000
-198.900000
-193.900000
-190.180000
-185.700000
-183.500000
-182.880000
-182.880000
-185.320000
-185.280000
-189.800000
-189.840000
-189.840000
-188.200000
-187.800000
-187.800000
-183.280000
-179.660000
-174.480000
-171.080000
-168.600000
-165.860000
-160.700000
-156.900000
-155.000000
-155.320000
-158.180000
-158.140000
-158.140000
-153.120000
-148.700000
-147.540000
-143.300000
-142.400000
-142.400000
-143.320000
-147.560000
-148.560000
-147.840000
-146.080000
-143.240000
-143.100000
-138.860000
-136.820000
-136.720000
-136.620000
-139.360000
-143.740000
-146.620000
-146.180000
-143.040000
-142.960000
-147.960000
-151.680000
-156.160000
-158.360000
-163.000000
-163.000000
-160.620000
-162.780000
-158.360000
-158.440000
-160.620000
-160.600000
-159.440000
-155.160000
-155.280000
-155.140000
-155.120000
-158.520000
-158.460000
-157.820000
-157.780000
-161.520000
-163.260000
-166.820000
-165.940000
-165.920000
-165.920000
-167.960000
-172.380000
-173.540000
-177.780000
-174.560000
-171.660000
-169.420000
-165.140000
-165.820000
-166.040000
-167.800000
-170.640000
-174.940000
-179.180000
-184.260000
-188.800000
-193.180000
-193.180000
-193.180000
-192.820000
-193.980000
-193.980000
-193.940000
-190.560000
-190.560000
-189.880000
-189.880000
-189.880000
-195.100000
-198.900000
-198.180000
-200.480000
-200.380000
-198.300000
-199.640000
-200.980000
-200.740000
-205.140000
-208.900000
-212.320000
-208.540000
-206.740000
-206.720000
-206.720000
-203.200000
-201.460000
-201.460000
-201.440000
-206.640000
-206.060000
-206.060000
-204.080000
-204.080000
-199.900000
-204.020000
-204.480000
-202.560000
-202.660000
-200.980000
-205.340000
-203.860000
-203.860000
-203.860000
-199.460000
-194.320000
-190.080000
-185.700000
-182.740000
-178.200000
-178.560000
-179.320000
-183.840000
-188.400000
-191.780000
-191.780000
-192.460000
-192.460000
-192.460000
-188.980000
-188.160000
-186.720000
-188.520000
-188.420000
-188.420000
-188.720000
-188.740000
-193.260000
-193.260000
-193.260000
-195.040000
-198.820000
-203.160000
-206.560000
-211.760000
-215.340000
-219.720000
-219.720000
-220.620000
-220.620000
-221.200000
-224.180000
-226.160000
-226.160000
-230.340000
-230.340000
-232.780000
-236.940000
-241.120000
-244.560000
-244.560000
-241.720000
-241.040000
-236.620000
-236.980000
-236.920000
-236.840000
-236.820000
-239.780000
-244.320000
-244.320000
-244.320000
-244.320000
-239.760000
-236.080000
-236.080000
-236.080000
-236.080000
-236.080000
-239.560000
-237.740000
-238.120000
-236.120000
-236.020000
-237.860000
-237.460000
-241.100000
-241.100000
-241.100000
-241.100000
-241.100000
-241.100000
-241.100000
-241.100000
-241.100000
-241.100000
-241.100000
-241.100000
-241.100000
-241.100000
-239.220000
-237.360000
-237.360000
-237.360000
-237.360000
-233.000000
-230.220000
-230.220000
-226.160000
-222.720000
-221.520000
-222.940000
-223.620000
-228.040000
-232.080000
-237.280000
-238.760000
-238.940000
-236.180000
-236.180000
-236.180000
-234.080000
-231.860000
-236.420000
-240.100000
-240.100000
-240.100000
-240.100000
-236.880000
-231.820000
-234.460000
-235.760000
-233.560000
-233.900000
-232.080000
-232.140000
-232.140000
-232.140000
-232.140000
-232.140000
-232.140000
-232.140000
-229.460000
-226.080000
-220.880000
-217.120000
-212.580000
-212.580000
-212.580000
-210.820000
-209.660000
-208.100000
-208.100000
-208.100000
-208.100000
-212.460000
-215.240000
-215.240000
-219.300000
-222.020000
-218.900000
-221.800000
-221.800000
-217.780000
-217.780000
-217.780000
-219.680000
-219.440000
-222.200000
-222.200000
-222.200000
-224.300000
-221.980000
-221.980000
-221.980000
-221.980000
-221.980000
-221.980000
-225.200000
-230.260000
-230.260000
-233.680000
-238.200000
-242.120000
-247.160000
-247.240000
-243.500000
-238.920000
-238.920000
-238.920000
-238.920000
-238.920000
-241.600000
-244.980000
-250.180000
-253.940000
-258.480000
-254.880000
-251.520000
-248.080000
-251.020000
-249.320000
-245.580000
-242.820000
-238.740000
-234.620000
-234.620000
-230.320000
-230.320000
-228.540000
-228.560000
-225.860000
-225.860000
-225.620000
-223.240000
-219.840000
-220.780000
-221.040000
-218.320000
-213.780000
-211.000000
-211.000000
-215.540000
-215.540000
-215.540000
-214.320000
-211.560000
-207.260000
-203.800000
-198.600000
-194.280000
-189.220000
-184.720000
-180.380000
-178.920000
-177.540000
-180.880000
-181.140000
-177.660000
-177.660000
-172.500000
-172.480000
-167.900000
-167.900000
-167.900000
-167.900000
-167.900000
-171.500000
-174.860000
-175.380000
-172.020000
-172.020000
-173.880000
-173.560000
-173.320000
-173.180000
-173.180000
-173.080000
-169.120000
-169.440000
-169.320000
-172.020000
-170.920000
-170.720000
-168.620000
-166.880000
-166.880000
-171.080000
-173.800000
-175.740000
-178.100000
-174.420000
-169.880000
-166.980000
-166.980000
-168.200000
-170.960000
-175.260000
-178.720000
-183.760000
-183.760000
-183.720000
-187.120000
-187.480000
-183.800000
-187.020000
-183.820000
-188.140000
-191.620000
-191.620000
-196.780000
-196.800000
-201.380000
-197.840000
-192.680000
-188.920000
-188.920000
-188.920000
-185.340000
-190.020000
-193.480000
-198.600000
-200.480000
-203.560000
-207.880000
-212.140000
-208.660000
-213.060000
-213.980000
-217.980000
-222.400000
-222.400000
-223.500000
-227.960000
-232.440000
-237.580000
-233.120000
-228.800000
-225.800000
-223.820000
-219.640000
-223.320000
-223.420000
-226.320000
-226.320000
-226.320000
-226.320000
-226.320000
-222.520000
-222.680000
-227.000000
-232.100000
-233.200000
-237.180000
-241.980000
-240.080000
-243.680000
-243.680000
-243.680000
-243.680000
-240.540000
-240.540000
-240.540000
-244.080000
-249.240000
-253.000000
-252.300000
-248.920000
-252.500000
-247.300000
-247.300000
-243.520000
-239.240000
-236.480000
-233.920000
-229.500000
-229.180000
-224.980000
-223.420000
-223.420000
-223.420000
-223.420000
-223.420000
-223.420000
-219.160000
-216.120000
-216.400000
-216.360000
-216.360000
-220.940000
-225.540000
-223.500000
-227.940000
-227.940000
-227.940000
-227.940000
-227.940000
-227.940000
-230.960000
-225.740000
-221.680000
-216.580000
-213.900000
-209.780000
-204.960000
-209.180000
-205.540000
-201.280000
-201.280000
-197.920000
-195.940000
-195.940000
-195.100000
-195.100000
-189.900000
-189.900000
-190.600000
-193.980000
-193.980000
-196.300000
-196.300000
-199.900000
-204.180000
-206.940000
-209.500000
-213.920000
-217.720000
-221.920000
-226.520000
-226.520000
-226.520000
-226.520000
-226.520000
-226.520000
-230.780000
-233.820000
-233.880000
-233.980000
-234.360000
-230.080000
-225.460000
-223.740000
-219.220000
-214.820000
-214.820000
-214.820000
-214.820000
-214.820000
-215.600000
-219.200000
-220.480000
-220.480000
-218.760000
-219.140000
-224.300000
-219.960000
-223.600000
-227.860000
-227.860000
-231.220000
-236.340000
-236.340000
-236.260000
-236.260000
-241.460000
-241.460000
-241.460000
-241.460000
-241.460000
-244.340000
-244.340000
-241.040000
-236.620000
-236.620000
-232.680000
-228.300000
-224.740000
-220.640000
-216.440000
-216.440000
-216.440000
-216.440000
-216.440000
-214.280000
-209.900000
-204.820000
-206.700000
-207.340000
-207.960000
-211.920000
-216.540000
-220.300000
-224.820000
-229.220000
-225.820000
-225.820000
-224.640000
-224.640000
-224.640000
-226.260000
-229.040000
-230.460000
-234.860000
-234.640000
-230.940000
-232.920000
-229.320000
-226.680000
-222.980000
-219.140000
-214.020000
-214.020000
-213.800000
-209.120000
-204.000000
-204.000000
-199.520000
-195.700000
-195.700000
-190.860000
-190.860000
-190.600000
-195.020000
-195.020000
-198.960000
-203.340000
-205.400000
-208.700000
-212.660000
-208.640000
-204.020000
-204.020000
-204.020000
-206.180000
-206.120000
-207.860000
-205.560000
-208.900000
-210.900000
-211.220000
-211.220000
-209.500000
-209.500000
-209.500000
-212.900000
-209.260000
-206.080000
-206.080000
-206.080000
-202.600000
-202.600000
-206.280000
-206.280000
-205.200000
-208.900000
-211.260000
-214.860000
-217.500000
-221.200000
-225.040000
-230.160000
-230.160000
-231.300000
-235.980000
-241.100000
-241.100000
-245.580000
-249.400000
-249.400000
-254.240000
-254.240000
-257.980000
-255.380000
-255.380000
-255.380000
-255.380000
-256.880000
-257.680000
-257.920000
-261.940000
-266.560000
-264.160000
-264.160000
-264.160000
-268.600000
-271.940000
-276.480000
-276.760000
-276.760000
-274.420000
-274.420000
-276.140000
-276.140000
-276.140000
-276.140000
-279.780000
-284.140000
-284.140000
-284.140000
-287.620000
-287.620000
-287.620000
-287.620000
-292.660000
-292.660000
-292.660000
-292.660000
-292.660000
-292.660000
-292.660000
-292.660000
-292.660000
-292.660000
-292.660000
-292.660000
-292.660000
-292.660000
-292.660000
-292.660000
-292.660000
-292.660000
-292.660000
-295.260000
-295.260000
-295.260000
-295.260000
-295.260000
-295.260000
-295.260000
-295.260000
-295.260000
-297.660000
-297.660000
-293.720000
-289.560000
-289.560000
-289.560000
-289.560000
-289.560000
-291.900000
-291.900000
-291.900000
-291.900000
-291.900000
-291.900000
-291.900000
-291.900000
-291.900000
-291.900000
-291.900000
-291.900000
-291.900000
-291.900000
-286.740000
-286.740000
-286.740000
-286.740000
-286.740000
-286.740000
-286.740000
-285.700000
-285.700000
-284.620000
-281.120000
-275.960000
-275.960000
-275.960000
-275.960000
-275.960000
-275.960000
-275.960000
-275.960000
-275.960000
-275.960000
-275.960000
-275.960000
-275.960000
-275.960000
-275.960000
-275.960000
-275.960000
-275.960000
-275.960000
-279.900000
-280.020000
-274.980000
-270.800000
-268.760000
-268.760000
-268.760000
-268.760000
-268.760000
-268.760000
-268.760000
-268.760000
-268.760000
-268.760000
-268.760000
-268.760000
-268.760000
-268.760000
-268.760000
-268.760000
-273.920000
-273.920000
-273.920000
-273.920000
-273.920000
-273.920000
-273.920000
-274.960000
-274.960000
-276.040000
-279.540000
-284.700000
-284.700000
-284.700000
-284.700000
-284.700000
-284.700000
-284.700000
-284.700000
-284.700000
-284.700000
-284.700000
-284.700000
-284.700000
-284.700000
-284.700000
-284.700000
-284.700000
-284.700000
-284.700000
-284.700000
-288.740000
-293.780000
-297.960000
-300.000000
-300.000000
-300.000000
-300.000000
-300.000000
-300.000000
-300.000000
-300.000000
-300.000000
-300.000000
-300.000000
-300.000000
-300.000000
-300.000000
-300.000000
-300.000000
-300.000000
-300.000000
-300.000000
-300.000000
-300.000000
-300.000000
-300.000000
-300.000000
-300.000000
-300.000000
-300.000000
-300.000000
-300.000000
-300.000000
-300.000000
-300.000000
-300.000000
-300.000000
-300.000000
-300.000000
-300.000000
-300.000000
-300.000000
-300.000000
-300.000000
-300.000000
-300.000000
-300.000000
-300.000000
-300.000000
-300.000000
-300.000000
-300.000000
-300.000000
-300.000000
-300.000000
-300.000000
-300.000000
-300.000000
-300.000000
-300.000000
-300.000000
-300.000000
-300.000000
-299.240000
-299.240000
-299.240000
-299.240000
-299.240000
-299.240000
-299.240000
-299.240000
-299.240000
-299.240000
-299.240000
-299.240000
-299.240000
-299.240000
-299.240000
-299.240000
-299.240000
-299.240000
-299.240000
-299.240000
-299.240000
-299.240000
-299.240000
-299.240000
-299.240000
-299.240000
-299.240000
-299.240000
-299.240000
-299.240000
-299.240000
-299.240000
-299.240000
-299.240000
-299.240000
-299.240000
-299.240000
-299.240000
-299.240000
-299.240000
-299.240000
-299.240000
-295.140000
-294.540000
-294.540000
-294.540000
-294.540000
-294.540000
-294.540000
-294.540000
-295.300000
-295.300000
-295.300000
-295.300000
-295.300000
-295.300000
-295.300000
-295.300000
-295.300000
-295.300000
-295.300000
-295.300000
-295.300000
-295.300000
-295.300000
-295.300000
-295.300000
-295.300000
-295.300000
-295.300000
-295.300000
-295.300000
-295.300000
-293.980000
-290.920000
-286.880000
-286.880000
-286.880000
-286.880000
-286.880000
-286.880000
-286.880000
-286.880000
-286.880000
-286.880000
-286.880000
-286.880000
-286.880000
-286.880000
-286.880000
-286.880000
-286.880000
-290.980000
-291.580000
-291.580000
-291.580000
-291.580000
-291.580000
-291.580000
-291.580000
-291.580000
-291.580000
-291.580000
-291.580000
-289.800000
-287.020000
-281.860000
-281.860000
-276.320000
-276.320000
-276.320000
-276.320000
-276.320000
-276.320000
-276.320000
-276.320000
-276.320000
-272.680000
-272.680000
-272.680000
-272.680000
-272.680000
-271.740000
-273.060000
-274.580000
-276.000000
-276.000000
-276.000000
-276.000000
-276.000000
-276.000000
-276.000000
-273.580000
-269.080000
-269.080000
-269.080000
-269.080000
-269.080000
-265.520000
-261.120000
-256.720000
-256.720000
-256.720000
-256.720000
-256.720000
-256.720000
-256.720000
-256.720000
-256.720000
-256.720000
-256.720000
-256.720000
-256.720000
-256.720000
-258.500000
-261.280000
-266.440000
-266.440000
-271.980000
-270.880000
-266.560000
-263.600000
-263.600000
-263.600000
-263.600000
-263.600000
-259.820000
-258.320000
-254.520000
-250.360000
-250.360000
-250.360000
-247.920000
-247.920000
-249.460000
-252.080000
-252.080000
-252.080000
-252.080000
-252.080000
-252.080000
-252.080000
-254.500000
-259.000000
-259.000000
-259.000000
-259.000000
-259.000000
-262.560000
-266.960000
-271.360000
-271.360000
-271.360000
-271.360000
-271.360000
-271.360000
-271.360000
-271.360000
-271.360000
-271.360000
-271.360000
-266.840000
-266.840000
-266.840000
-266.840000
-262.440000
-258.100000
-252.980000
-248.760000
-249.860000
-254.180000
-255.640000
-255.640000
-255.640000
-255.640000
-252.960000
-256.740000
-261.880000
-265.680000
-269.840000
-269.840000
-269.840000
-268.040000
-268.040000
-268.040000
-265.440000
-262.960000
-262.960000
-262.960000
-262.960000
-260.280000
-256.060000
-256.060000
-256.060000
-256.060000
-256.060000
-251.700000
-247.400000
-247.400000
-247.400000
-247.400000
-247.400000
-247.400000
-247.400000
-247.400000
-246.800000
-246.800000
-246.800000
-246.800000
-242.360000
-242.360000
-242.240000
-242.240000
-242.240000
-242.240000
-246.640000
-245.880000
-251.000000
-249.680000
-249.680000
-249.680000
-251.180000
-251.180000
-245.980000
-243.100000
-245.780000
-245.780000
-245.780000
-245.280000
-245.280000
-245.280000
-245.280000
-250.460000
-250.460000
-250.460000
-253.060000
-254.220000
-249.920000
-245.700000
-245.700000
-248.380000
-252.600000
-252.600000
-252.600000
-252.600000
-252.600000
-256.960000
-261.260000
-261.260000
-261.260000
-261.260000
-261.260000
-261.260000
-261.260000
-261.260000
-261.860000
-261.860000
-261.860000
-261.860000
-266.300000
-266.300000
-270.940000
-270.940000
-270.940000
-270.940000
-270.940000
-276.040000
-276.040000
-281.580000
-281.580000
-281.580000
-281.580000
-281.580000
-286.780000
-289.660000
-289.660000
-289.660000
-289.660000
-290.160000
-290.160000
-290.160000
-290.160000
-290.160000
-290.160000
-290.160000
-290.160000
-291.480000
-295.780000
-300.000000
-300.000000
-300.000000
-300.000000
-300.000000
-300.000000
-300.000000
-300.000000
-300.000000
-300.000000
-300.000000
-300.000000
-300.000000
-300.000000
-300.000000
-300.000000
-300.000000
-300.000000
-300.000000
-300.000000
-300.000000
-300.000000
-300.000000
-300.000000
-300.000000
-300.000000
-300.000000
-300.000000
-300.000000
-300.000000
-300.000000
-300.000000
-300.000000
-300.000000
-300.000000
-300.000000
-300.000000
-300.000000
-300.000000
-300.000000
-300.000000
-300.000000
-300.000000
-300.000000
-300.000000
-300.000000
-300.000000
-300.000000
-300.000000
-300.000000
-300.000000
-300.000000
-300.000000
-300.000000
-300.000000
-300.000000
-300.000000
-300.000000
-300.000000
-300.000000
-300.000000
-300.000000
-300.000000
-300.000000
-300.000000
-300.000000
-300.000000
-300.000000
-300.000000
-300.000000
-300.000000
-300.000000
-300.000000
-300.000000
-300.000000
-300.000000
-300.000000
-300.000000
-300.000000
-300.000000
-300.000000
-300.000000
-300.000000
-300.000000
-300.000000
-300.000000
-300.000000
-300.000000
-300.000000
-300.000000
-300.000000
-300.000000
-300.000000
-300.000000
-300.000000
-300.000000
-300.000000
-300.000000
-300.000000
-300.000000
-300.000000
-300.000000
-300.000000
-300.000000
-300.000000
-300.000000
-300.000000
-300.000000
-300.000000
-300.000000
-300.000000
-300.000000
-300.000000
-300.000000
-300.000000
-300.000000
-300.000000
-300.000000
-300.000000
-300.000000
-300.000000
-300.000000
-300.000000
-300.000000
-300.000000
-300.000000
-300.000000
-300.000000
-300.000000
-300.000000
-300.000000
-300.000000
-300.000000
-300.000000
-300.000000
-300.000000
-300.000000
-300.000000
-300.000000
-300.000000
-300.000000
-300.000000
-300.000000
-300.000000
-300.000000
-300.000000
-300.000000
-300.000000
-300.000000
-300.000000
-300.000000
-300.000000
-300.000000
-300.000000
-300.000000
-300.000000
-300.000000
-300.000000
-300.000000
-300.000000
-300.000000
-300.000000
-300.000000
-300.000000
-300.000000
-300.000000
-300.000000
-300.000000
-300.000000
-300.000000
-300.000000
-300.000000
-300.000000
-300.000000
-300.000000
-300.000000
-300.000000
-300.000000
-300.000000
-300.000000
-300.000000
-300.000000
-300.000000
-300.000000
-300.000000
-300.000000
-300.000000
-300.000000
-300.000000
-300.000000
-300.000000
-300.000000
-300.000000
-300.000000
-300.000000
-300.000000
-300.000000
-300.000000
-300.000000
-300.000000
-300.000000
-300.000000
-300.000000
-300.000000
-300.000000
-300.000000
-300.000000
-300.000000
-300.000000
-300.000000
-300.000000
-300.000000
-300.000000
-300.000000
-300.000000
-300.000000
-300.000000
-300.000000
-300.000000
-300.000000
-300.000000
-300.000000
-300.000000
-300.000000
-300.000000
-300.000000
-300.000000
-300.000000
-300.000000
-300.000000
-300.000000
-300.000000
-300.000000
-300.000000
-300.000000
-300.000000
-300.000000
-300.000000
-300.000000
-300.000000
-300.000000
-300.000000
-300.000000
-300.000000
-300.000000
-300.000000
-300.000000
-300.000000
-300.000000
-300.000000
-300.000000
-300.000000
-300.000000
-300.000000
-300.000000
-300.000000
-300.000000
-300.000000
-300.000000
-300.000000
-300.000000
-300.000000
-300.000000
-300.000000
-300.000000
-300.000000
-300.000000
-300.000000
-300.000000
-300.000000
-300.000000
-300.000000
-300.000000
-300.000000
-300.000000
-300.000000
-300.000000
-300.000000
-300.000000
-300.000000
-300.000000
-300.000000
-300.000000
-300.000000
-300.000000
-300.000000
-300.000000
-300.000000
-300.000000
-300.000000
-300.000000
-300.000000
-300.000000
-300.000000
-300.000000
-300.000000
-300.000000
-300.000000
-300.000000
-300.000000
-300.000000
-300.000000
-300.000000
-300.000000
-300.000000
-300.000000
-300.000000
-300.000000
-300.000000
-300.000000
-300.000000
-300.000000
-300.000000
-300.000000
-300.000000
-300.000000
-300.000000
-300.000000
-300.000000
-300.000000
-300.000000
-300.000000
-300.000000
-300.000000
-300.000000
-300.000000
-300.000000
-300.000000
-300.000000
-300.000000
-300.000000
-300.000000
-300.000000
-300.000000
-300.000000
-300.000000
-300.000000
-300.000000
-300.000000
-300.000000
-300.000000
-300.000000
-300.000000
-300.000000
-300.000000
-300.000000
-300.000000
-300.000000
-300.000000
-300.000000
-300.000000
-300.000000
-300.000000
-300.000000
-300.000000
-300.000000
-300.000000
-300.000000
-300.000000
-300.000000
-300.000000
-300.000000
-300.000000
-300.000000
-300.000000
-300.000000
-300.000000
-300.000000
-300.000000
-300.000000
-300.000000
-300.000000
-300.000000
-300.000000
-300.000000
-300.000000
-300.000000
-300.000000
-300.000000
-300.000000
-300.000000
-300.000000
-300.000000
-300.000000
-300.000000
-300.000000
-300.000000
-300.000000
-300.000000
-300.000000
-300.000000
-300.000000
-300.000000
-300.000000
-300.000000
-300.000000
-300.000000
-300.000000
-300.000000
-300.000000
-300.000000
-300.000000
-300.000000
-300.000000
-300.000000
-300.000000
-300.000000
-300.000000
-300.000000
-300.000000
-300.000000
-300.000000
-300.000000
-300.000000
-300.000000
-300.000000
-300.000000
-300.000000
-300.000000
-300.000000
-300.000000
-300.000000
-300.000000
-300.000000
-300.000000
-300.000000
-300.000000
-300.000000
-300.000000
-300.000000
-300.000000
-300.000000
-300.000000
-300.000000
-300.000000
-300.000000
-300.000000
-300.000000
-300.000000
-300.000000
-300.000000
-300.000000
-300.000000
-300.000000
-300.000000
-300.000000
-300.000000
-300.000000
-300.000000
-300.000000
-300.000000
-300.000000
-300.000000
-300.000000
-300.000000
-300.000000
-300.000000
-300.000000
-300.000000
-300.000000
-300.000000
-300.000000
-300.000000
-300.000000
-300.000000
-300.000000
-300.000000
-300.000000
-300.000000
-300.000000
-300.000000
-300.000000
-300.000000
-300.000000
-300.000000
-300.000000
-300.000000
-300.000000
-300.000000
-300.000000
-300.000000
-300.000000
-300.000000
-300.000000
-300.000000
-300.000000
-300.000000
-300.000000
-300.000000
-300.000000
-300.000000
-300.000000
-300.000000
-300.000000
-300.000000
-300.000000
-300.000000
-300.000000
-300.000000
-300.000000
-300.000000
-300.000000
-300.000000
-300.000000
-300.000000
-300.000000
-300.000000
-300.000000
-300.000000
-300.000000
-300.000000
-300.000000
-300.000000
-300.000000
-300.000000
-300.000000
-300.000000
-300.000000
-300.000000
-300.000000
-300.000000
-300.000000
-300.000000
-300.000000
-300.000000
-300.000000
-300.000000
-300.000000
-300.000000
-300.000000
-300.000000
-300.000000
-300.000000
-300.000000
-300.000000
-300.000000
-300.000000
-300.000000
-300.000000
-300.000000
-300.000000
-300.000000
-300.000000
-300.000000
-300.000000
-300.000000
-300.000000
-300.000000
-300.000000
-300.000000
-300.000000
-300.000000
-300.000000
-300.000000
-300.000000
-300.000000
-300.000000
-300.000000
-300.000000
-300.000000
-300.000000
-300.000000
-300.000000
-300.000000
-300.000000
-300.000000
-300.000000
-300.000000
-300.000000
-300.000000
-300.000000
-300.000000
-300.000000
-300.000000
-300.000000
-300.000000
-300.000000
-300.000000
-300.000000
-300.000000
-300.000000
-300.000000
-300.000000
-300.000000
-300.000000
-300.000000
-300.000000
-300.000000
-300.000000
-300.000000
-300.000000
-300.000000
-300.000000
-300.000000
-300.000000
-300.000000
-300.000000
-300.000000
-300.000000
-300.000000
-300.000000
-300.000000
-300.000000
-300.000000
-300.000000
-300.000000
-300.000000
-300.000000
-300.000000
-300.000000
-300.000000
-300.000000
-300.000000
-300.000000
-300.000000
-300.000000
-300.000000
-300.000000
-300.000000
-300.000000
-300.000000
-300.000000
-300.000000
-300.000000
-300.000000
-300.000000
-300.000000
-300.000000
-300.000000
-300.000000
-300.000000
-300.000000
-300.000000
-300.000000
-300.000000
-300.000000
-300.000000
-300.000000
-300.000000
-300.000000
-300.000000
-300.000000
-300.000000
-300.000000
-300.000000
-300.000000
-300.000000
-300.000000
-300.000000
-300.000000
-300.000000
-300.000000
-300.000000
-300.000000
-300.000000
-300.000000
-300.000000
-300.000000
-300.000000
-300.000000
-300.000000
-300.000000
-300.000000
-300.000000
-300.000000
-300.000000
-300.000000
-300.000000
-300.000000
-300.000000
-300.000000
-300.000000
-300.000000
-300.000000
-300.000000
-300.000000
-300.000000
-300.000000
-300.000000
-300.000000
-300.000000
-300.000000
-300.000000
-300.000000
-300.000000
-300.000000
-300.000000
-300.000000
-300.000000
-300.000000
-300.000000
-300.000000
-300.000000
-300.000000
-300.000000
-300.000000
-300.000000
-300.000000
-300.000000
-300.000000
-300.000000
-300.000000
-300.000000
-300.000000
-300.000000
-300.000000
-300.000000
-300.000000
-300.000000
-300.000000
-300.000000
-300.000000
-300.000000
-300.000000
-300.000000
-300.000000
-300.000000
-300.000000
-300.000000
-300.000000
-300.000000
-300.000000
-300.000000
-300.000000
-300.000000
-300.000000
-300.000000
-300.000000
-300.000000
-300.000000
-300.000000
-300.000000
-300.000000
-300.000000
-300.000000
-300.000000
-300.000000
-300.000000
-300.000000
-300.000000
-300.000000
-300.000000
-300.000000
-300.000000
-300.000000
-300.000000
-300.000000
-300.000000
-300.000000
-300.000000
-300.000000
-300.000000
-300.000000
-300.000000
-300.000000
-300.000000
-300.000000
-300.000000
-300.000000
-300.000000
-300.000000
-300.000000
-300.000000
-300.000000
-300.000000
-300.000000
-300.000000
-300.000000
-300.000000
-300.000000
-300.000000
-300.000000
-300.000000
-300.000000
-300.000000
-300.000000
-300.000000
-300.000000
-300.000000
-300.000000
-300.000000
-300.000000
-300.000000
-300.000000
-300.000000
-300.000000
-300.000000
-300.000000
-300.000000
-300.000000
-300.000000
-300.000000
-300.000000
-300.000000
-300.000000
-300.000000
-300.000000
-300.000000
-300.000000
-300.000000
-300.000000
-300.000000
-300.000000
-300.000000
-300.000000
-300.000000
-300.000000
-300.000000
-300.000000
-300.000000
-300.000000
-300.000000
-300.000000
-300.000000
-300.000000
-300.000000
-300.000000
-300.000000
-300.000000
-300.000000
-300.000000
-300.000000
-300.000000
-300.000000
-300.000000
-300.000000
-300.000000
-300.000000
-300.000000
-300.000000
-300.000000
-300.000000
-300.000000
-300.000000
-300.000000
-300.000000
-300.000000
-300.000000
-300.000000
-300.000000
-300.000000
-300.000000
-300.000000
-300.000000
-300.000000
-300.000000
-300.000000
-300.000000
-300.000000
-300.000000
-300.000000
-300.000000
-300.000000
-300.000000
-300.000000
-300.000000
-300.000000
-300.000000
-300.000000
-300.000000
-300.000000
-300.000000
-300.000000
-300.000000
-300.000000
-300.000000
-300.000000
-300.000000
-300.000000
-300.000000
-300.000000
-300.000000
-300.000000
-300.000000
-300.000000
-300.000000
-300.000000
-300.000000
-300.000000
-300.000000
-300.000000
-300.000000
-300.000000
-300.000000
-300.000000
-300.000000
-300.000000
-300.000000
-300.000000
-300.000000
-300.000000
-300.000000
-300.000000
-300.000000
-300.000000
-300.000000
-300.000000
-300.000000
-300.000000
-300.000000
-300.000000
-300.000000
-300.000000
-300.000000
-300.000000
-300.000000
-300.000000
-300.000000
-300.000000
-300.000000
-300.000000
-300.000000
-300.000000
-300.000000
-300.000000
-300.000000
-300.000000
-300.000000
-300.000000
-300.000000
-300.000000
-300.000000
-300.000000
-300.000000
-300.000000
-300.000000
-300.000000
-300.000000
-300.000000
-300.000000
-300.000000
-300.000000
-300.000000
-300.000000
-300.000000
-300.000000
-300.000000
-300.000000
-300.000000
-300.000000
-300.000000
-300.000000
-300.000000
-300.000000
-300.000000
-300.000000
-300.000000
-300.000000
-300.000000
-300.000000
-300.000000
-300.000000
-300.000000
-300.000000
-300.000000
-300.000000
-300.000000
-300.000000
-300.000000
-300.000000
-300.000000
-300.000000
-300.000000
-300.000000
-300.000000
-300.000000
-300.000000
-300.000000
-300.000000
-300.000000
-300.000000
-300.000000
-300.000000
-300.000000
-300.000000
-300.000000
-300.000000
-300.000000
-300.000000
-300.000000
-300.000000
