-6.000000
-12.000000
-18.000000
-23.740000
-29.740000
-35.740000
-40.720000
-46.720000
-49.600000
-55.600000
-61.600000
-65.820000
-71.820000
-77.820000
-83.820000
-89.820000
-95.820000
-101.820000
-107.820000
-112.420000
-118.420000
-124.420000
-130.420000
-132.260000
-135.860000
-141.860000
-147.860000
-149.660000
-155.660000
-161.660000
-167.660000
-173.660000
-179.660000
-185.660000
-191.660000
-197.660000
-203.660000
-209.660000
-215.660000
-221.660000
-227.660000
-233.660000
-239.660000
-245.660000
-251.660000
-257.660000
-263.660000
-265.580000
-271.580000
-275.620000
-272.640000
-272.640000
-272.640000
-272.680000
-272.680000
-272.680000
-273.700000
-272.060000
-271.780000
-271.780000
-271.780000
-273.560000
-273.560000
-268.400000
-268.400000
-268.400000
-268.400000
-268.400000
-268.400000
-269.800000
-269.800000
-265.640000
-265.640000
-269.800000
-272.200000
-272.200000
-272.200000
-276.400000
-276.400000
-276.400000
-276.400000
-276.400000
-276.400000
-276.400000
-276.400000
-276.400000
-276.400000
-276.400000
-276.400000
-276.400000
-276.400000
-276.400000
-276.400000
-276.400000
-276.400000
-276.400000
-276.400000
-280.480000
-280.480000
-282.440000
-285.420000
-285.420000
-285.420000
-285.640000
-285.640000
-285.640000
-285.640000
-287.280000
-290.680000
-290.680000
