-6.000000
-11.400000
-17.400000
-23.400000
-29.400000
-35.400000
-37.200000
-41.520000
-42.620000
-48.620000
-54.620000
-60.620000
-66.620000
-69.380000
-75.380000
-81.300000
-87.300000
-93.300000
-97.180000
-103.180000
-109.180000
-110.980000
-116.980000
-122.980000
-128.980000
-134.980000
-140.980000
-146.980000
-152.980000
-158.980000
-161.460000
-167.460000
-173.460000
-178.980000
-182.900000
-188.900000
-194.900000
-200.900000
-206.900000
-212.900000
-218.900000
-224.900000
-230.900000
-236.200000
-242.200000
-246.720000
-252.720000
-258.720000
-264.720000
-270.720000
-270.720000
-271.320000
-271.320000
-271.320000
-266.260000
-266.260000
-270.460000
-272.140000
-277.040000
-277.040000
-277.040000
-277.040000
-277.040000
-275.440000
-275.440000
-275.520000
-275.520000
-275.520000
-277.640000
-277.640000
-277.640000
-281.840000
-277.660000
-273.900000
-270.100000
-270.100000
-270.100000
-266.000000
-263.820000
-263.820000
-267.340000
-267.340000
-267.340000
-263.640000
-265.720000
-265.720000
-265.720000
-265.720000
-260.780000
-260.780000
-260.780000
-260.780000
-260.780000
-261.480000
-258.780000
-260.260000
-260.260000
-256.040000
-256.040000
-256.040000
-256.040000
-251.700000
-251.700000
-251.700000
-255.220000
-255.220000
-255.220000
-255.220000
-254.400000
-254.400000
-253.960000
-253.960000
-253.960000
-253.720000
-253.720000
-253.720000
-253.720000
-253.720000
-253.720000
-253.720000
-253.720000
-253.720000
-257.900000
-256.400000
-260.200000
-260.200000
-260.200000
-260.100000
-258.360000
-253.500000
-249.820000
-245.660000
-245.660000
-249.840000
-249.840000
-249.840000
-248.700000
-248.700000
-253.640000
-253.640000
-253.640000
-253.640000
-253.640000
-252.280000
-254.980000
-251.660000
-251.660000
-251.740000
-247.140000
-241.620000
-241.620000
-244.880000
-244.880000
-244.880000
-246.420000
-246.420000
-244.260000
-241.660000
-241.260000
-241.260000
-241.700000
-239.720000
-239.720000
-244.740000
-244.740000
-240.060000
-240.060000
-240.060000
-240.060000
-240.060000
-240.060000
-240.060000
-240.060000
-245.320000
-245.300000
-245.300000
-245.300000
-249.500000
-249.300000
-254.160000
-257.840000
-262.000000
-262.000000
-257.720000
-253.620000
-253.620000
-254.760000
-254.760000
-254.760000
-254.760000
-254.760000
-254.760000
-254.760000
-251.140000
-251.140000
-254.460000
-254.460000
-258.600000
-263.200000
-268.720000
-268.720000
-269.800000
-269.800000
-269.800000
-264.640000
-264.640000
-266.800000
-269.400000
-270.620000
-270.620000
-270.620000
-272.600000
-272.600000
-272.660000
-272.660000
-273.980000
-273.980000
-273.980000
-273.980000
-273.980000
-273.980000
-273.980000
-273.980000
-273.980000
-274.000000
-274.000000
-274.000000
-274.000000
-273.960000
-273.180000
-273.180000
-273.180000
-273.180000
-277.460000
-281.560000
-281.560000
-281.560000
-281.560000
-281.560000
-281.560000
-281.560000
-281.560000
-277.920000
-277.700000
-277.700000
-277.700000
-277.700000
-277.700000
-277.700000
-277.700000
-277.700000
-277.700000
-277.700000
-277.700000
-282.860000
-282.860000
-279.440000
-279.440000
-279.300000
-279.300000
-279.300000
-279.300000
-279.300000
-277.500000
-277.500000
-280.860000
-280.860000
-280.860000
-276.680000
-276.680000
-276.680000
-276.680000
-276.680000
-276.520000
-276.520000
-276.520000
-276.520000
-276.520000
-280.680000
-281.460000
-277.680000
-277.500000
-277.500000
-277.500000
-277.500000
-277.500000
-277.500000
-277.500000
-277.500000
-277.500000
-277.500000
-277.500000
-281.140000
-286.340000
-286.340000
-286.340000
-286.340000
-286.340000
-286.340000
-280.800000
-280.800000
-280.800000
-280.800000
-280.800000
-280.800000
-280.800000
-284.220000
-284.220000
-284.360000
-284.360000
-284.360000
-284.360000
-284.360000
-286.160000
-286.160000
-286.160000
-286.160000
-286.160000
-290.340000
-290.340000
-290.340000
-290.340000
-290.340000
-290.500000
-290.500000
-290.500000
-290.500000
-290.500000
-290.500000
-290.500000
-294.280000
-294.460000
-294.460000
-294.460000
-294.460000
-294.460000
-291.700000
-287.380000
-287.380000
-287.380000
-287.380000
-287.380000
-287.380000
