26
39
42
28
43
44
34
35
53
53
28
31
34
58
29
25
20
29
39
30
53
33
43
36
40
31
31
32
41
28
30
37
27
34
50
32
27
27
29
30
25
32
37
55
31
33
35
44
26
32
36
27
45
29
44
40
36
49
39
40
30
45
42
32
23
40
47
34
31
29
23
28
24
39
47
34
38
37
28
36
38
34
36
37
29
23
27
27
25
36
47
23
29
23
23
27
26
30
38
31
34
34
34
46
41
35
42
35
45
27
47
37
30
34
29
51
33
33
34
40
25
22
29
26
30
40
36
41
30
27
24
36
26
26
28
35
39
21
34
31
22
33
19
55
34
40
30
32
35
30
32
45
27
31
40
41
22
23
29
30
29
50
30
36
45
31
37
36
40
30
36
34
45
25
62
25
42
30
32
45
29
53
54
32
34
35
30
29
42
31
33
29
27
33
28
32
35
29
37
26
43
24
33
26
38
35
48
25
40
25
26
47
29
23
30
43
37
25
31
28
27
56
31
21
48
36
33
36
29
36
29
53
34
41
25
65
35
30
36
23
34
31
29
21
21
51
27
50
26
30
43
31
42
57
35
27
42
33
32
32
28
33
48
29
35
40
31
24
33
39
30
40
26
35
27
43
31
32
30
44
28
25
44
29
25
42
40
30
38
20
42
40
22
46
33
29
33
38
39
42
27
25
29
35
62
50
35
29
28
34
39
27
28
31
30
34
34
32
24
27
29
35
38
32
30
39
35
47
37
49
29
31
36
28
40
32
42
38
30
51
20
30
31
30
40
29
23
28
33
25
37
35
27
31
39
37
30
31
28
40
33
27
35
33
31
30
27
38
43
46
31
33
26
34
28
46
31
36
38
36
28
29
33
42
39
33
24
38
34
27
27
32
69
31
36
23
27
25
31
27
42
32
27
40
40
33
38
37
33
43
36
28
30
50
33
36
40
38
33
27
21
33
31
90
42
44
38
27
49
31
40
36
40
47
49
30
25
29
62
34
25
24
33
23
26
26
25
35
19
31
28
36
25
59
25
50
32
38
29
39
45
45
34
23
34
22
27
31
31
62
38
31
30
42
25
36
29
51
46
35
30
29
23
24
28
33
28
44
32
40
28
39
35
42
34
21
29
31
40
27
