132
105
83
154
192
226
71
58
73
77
114
52
60
57
80
66
64
67
52
54
85
71
61
53
55
76
49
60
65
57
57
69
58
83
48
89
93
45
128
95
51
44
109
52
61
95
74
74
51
79
56
56
76
38
85
61
68
77
70
110
68
75
59
56
67
70
89
50
57
80
60
107
62
47
58
70
68
90
69
56
96
91
75
65
85
60
75
49
60
54
63
80
75
55
87
66
59
44
81
61
58
82
73
59
105
48
74
62
66
79
73
93
84
70
69
71
54
66
63
85
42
60
59
74
64
84
57
107
103
86
48
98
66
80
106
71
64
121
45
91
80
65
72
70
72
59
112
71
79
63
84
73
71
83
70
144
74
98
68
72
78
59
74
86
79
44
79
62
67
66
45
71
71
104
67
68
65
68
46
86
103
74
63
59
55
68
69
75
49
57
100
89
67
83
72
67
44
97
86
67
56
74
72
66
60
38
70
73
87
81
61
56
66
66
52
40
65
86
95
66
116
80
62
69
128
43
100
66
90
69
65
121
69
55
74
82
59
65
94
61
91
67
79
57
68
64
66
88
52
65
44
98
47
73
91
129
59
69
88
90
45
116
58
72
79
68
55
61
75
74
63
71
74
54
59
63
67
121
52
91
64
67
56
62
69
58
48
88
61
53
67
91
59
111
56
60
67
57
74
57
58
72
62
55
44
57
64
73
73
60
56
60
63
41
67
60
53
93
51
68
54
52
89
86
74
93
85
105
45
70
73
128
98
76
67
73
75
53
68
48
63
86
81
87
76
64
64
54
71
65
75
80
48
53
97
47
50
52
66
58
50
60
47
74
54
68
58
56
155
63
72
70
90
52
65
53
93
64
81
71
77
105
65
67
78
91
57
58
59
53
83
83
77
68
73
60
43
63
143
75
88
78
46
49
88
70
71
54
78
64
52
51
53
84
43
61
59
59
69
59
63
50
59
77
