301
301
245
177
236
253
301
301
301
132
301
301
301
301
301
301
301
301
161
301
301
301
90
301
168
301
158
301
301
116
301
94
301
103
85
224
77
161
233
301
77
248
196
40
301
301
301
92
151
24
301
166
254
170
222
242
176
242
41
228
301
301
290
41
199
301
301
301
301
281
301
301
301
182
75
301
127
301
78
52
207
108
301
170
174
301
176
79
51
301
168
88
83
40
301
301
168
82
43
24
51
246
75
301
301
301
255
255
55
301
166
140
301
301
301
49
301
301
266
269
301
301
257
38
186
301
301
301
100
54
201
84
301
81
89
301
258
83
51
278
301
301
83
40
200
66
83
301
43
24
51
260
301
301
301
301
259
301
133
301
301
301
301
301
301
227
85
147
85
79
138
247
301
301
76
210
301
158
79
45
213
83
301
301
77
301
301
79
301
301
80
301
113
55
301
223
81
43
43
24
51
178
301
301
301
301
87
145
52
301
301
301
301
221
156
301
301
301
100
85
216
94
301
181
79
301
301
93
79
41
226
301
301
82
76
152
301
159
51
292
82
301
119
42
301
301
173
43
54
24
65
79
301
301
135
301
301
301
50
301
174
146
301
212
199
301
171
301
172
288
301
84
82
85
77
301
152
80
80
70
301
263
301
184
81
301
301
85
51
152
86
301
172
40
301
301
98
104
74
24
301
94
301
301
150
301
92
301
150
301
96
301
301
150
301
301
190
301
112
107
301
95
92
38
92
301
301
96
96
153
100
104
301
92
92
301
96
94
301
301
96
301
69
90
301
301
98
117
301
24
301
94
301
301
150
301
92
301
150
301
96
301
301
150
301
301
190
301
112
107
301
95
92
38
92
301
301
96
96
153
100
104
301
92
92
301
96
94
301
301
96
301
69
90
301
301
98
117
301
24
301
94
301
301
150
301
92
301
150
301
96
301
301
150
301
301
190
301
112
107
301
95
92
38
92
301
301
96
96
153
100
104
301
92
92
301
96
94
301
301
96
301
69
90
301
301
98
117
301
24
301
94
301
301
150
301
92
301
150
301
96
301
301
150
301
301
190
301
112
107
301
95
92
38
92
301
301
96
96
153
100
104
301
92
92
301
96
94
301
301
96
301
69
90
301
301
98
117
301
24
301
94
301
301
150
301
92
301
150
301
96
301
301
150
301
301
190
301
112
107
301
95
92
38
92
301
301
96
96
153
100
104
301
92
92
301
96
94
301
301
96
301
69
90
301
301
98
117
301
24
301
94
301
301
150
301
92
301
150
301
96
301
301
150
301
301
190
301
112
107
301
95
92
38
92
301
301
96
96
153
100
104
301
92
92
301
96
94
301
301
96
301
69
90
301
301
98
117
301
24
301
94
301
301
150
301
92
301
150
301
96
301
301
150
301
301
190
301
112
107
301
95
92
38
92
301
301
96
96
153
100
104
301
92
92
301
96
94
301
301
96
301
69
90
301
301
98
117
301
24
301
94
301
301
150
301
92
301
150
301
96
301
301
150
301
301
190
301
112
107
301
95
92
38
92
301
301
96
96
153
100
104
301
92
92
301
96
94
301
301
96
301
69
90
301
301
98
117
301
24
301
94
301
301
150
301
92
301
150
301
96
301
301
150
301
301
190
301
112
107
301
95
92
38
92
301
301
96
96
153
100
104
301
92
92
301
96
94
301
301
96
301
69
90
301
301
98
117
301
24
301
94
301
301
150
301
92
301
150
301
96
301
301
150
301
301
190
301
112
107
301
95
92
38
92
301
301
96
96
153
100
104
301
92
92
301
96
94
301
301
96
301
69
90
301
301
98
117
301
24
301
94
301
301
150
301
92
301
150
301
96
301
301
150
301
301
190
301
112
107
301
95
92
38
92
301
301
96
96
153
100
104
301
92
92
301
96
94
301
301
96
301
69
90
301
301
98
117
301
24
301
94
301
301
150
301
92
301
150
301
96
301
301
150
301
301
190
301
112
107
301
95
92
38
92
301
301
96
96
153
100
104
301
92
92
301
96
94
301
301
96
301
69
90
301
301
98
117
301
24
301
94
301
301
150
301
92
301
150
301
96
301
301
150
301
301
190
301
112
107
301
95
92
38
92
301
301
96
96
153
100
104
301
92
92
301
96
94
301
301
96
301
69
90
301
301
98
117
301
24
301
94
301
301
150
301
92
301
150
301
96
301
301
150
301
301
190
301
112
107
301
95
92
38
92
301
301
96
96
153
100
104
301
92
92
301
96
94
301
301
96
301
69
90
301
301
98
117
301
24
301
94
301
301
150
301
92
301
150
301
96
301
301
150
301
301
190
301
112
107
301
95
92
38
92
301
301
96
96
153
100
104
301
92
92
301
96
94
301
301
96
301
69
90
301
301
98
117
301
24
301
94
301
301
150
301
92
301
150
301
96
301
301
150
301
301
190
301
112
107
301
95
92
38
92
301
301
96
96
153
100
104
301
92
92
301
96
94
301
301
96
301
69
90
301
301
98
117
301
24
301
94
301
301
150
301
92
301
150
301
96
301
301
150
301
301
190
301
112
107
301
95
92
38
92
301
301
96
96
153
100
104
301
92
92
301
96
94
301
301
96
301
69
90
301
301
98
117
301
24
301
94
301
301
150
301
92
301
150
301
96
301
301
150
301
301
190
301
112
107
301
95
92
38
92
301
301
96
96
153
100
104
301
92
92
301
96
94
301
301
96
301
69
90
301
301
98
117
301
24
301
94
301
301
150
301
92
301
150
301
96
301
301
150
301
301
190
301
112
107
301
95
92
38
92
301
301
96
96
153
100
104
301
92
92
301
96
94
301
301
96
301
69
90
301
301
98
117
301
24
301
94
301
301
150
301
92
301
150
301
96
301
301
150
301
301
190
301
112
107
301
95
92
38
92
301
301
96
96
153
100
104
301
92
92
301
96
94
301
301
96
301
69
90
301
301
98
117
301
24
