301
301
208
301
41
301
301
286
41
301
238
301
301
301
301
301
301
301
104
301
301
75
258
38
301
301
301
301
85
41
301
301
301
301
190
301
301
247
51
301
301
301
69
137
301
46
301
97
43
24
51
301
81
301
184
301
301
301
233
301
301
127
301
43
301
46
301
301
301
175
301
164
74
38
301
301
301
99
301
301
172
301
301
88
301
301
301
265
51
301
301
106
69
40
301
46
301
213
229
24
51
301
301
301
41
301
184
69
42
301
301
301
301
142
222
45
301
128
231
301
301
85
173
98
301
85
301
301
301
44
301
101
285
301
301
301
196
301
51
301
301
301
270
40
301
46
301
77
43
24
51
301
75
295
42
301
301
301
301
203
301
301
301
301
301
209
301
301
271
301
301
180
301
56
301
301
301
301
95
41
237
301
301
301
192
213
301
301
227
301
180
154
69
40
301
46
301
108
43
24
51
301
301
301
301
301
301
301
286
301
301
301
203
41
301
45
301
301
301
301
218
301
301
175
301
301
301
301
168
41
135
150
301
301
180
230
301
166
51
301
301
301
92
40
301
46
301
94
43
24
52
301
75
301
301
301
184
67
41
233
301
301
301
301
301
45
301
301
87
301
301
91
301
38
301
301
301
93
301
301
301
301
301
301
152
301
301
183
51
301
301
301
173
40
301
46
301
181
43
24
51
301
131
301
41
301
301
301
296
301
147
301
301
214
301
45
301
301
107
232
301
101
301
106
301
294
301
87
301
41
301
74
301
301
88
301
301
164
52
301
301
301
75
40
301
46
301
43
44
24
51
301
139
301
41
288
92
67
41
301
245
120
301
41
301
215
301
132
301
301
301
301
301
301
301
301
301
301
301
301
301
301
301
301
301
301
301
301
301
258
301
301
165
40
301
51
271
43
44
29
51
301
139
288
41
301
81
67
41
301
301
216
301
41
288
45
301
111
196
95
301
301
301
301
301
301
301
301
301
301
301
301
301
91
127
301
301
88
51
301
301
91
99
40
301
46
301
179
43
24
51
301
106
301
41
301
301
286
42
301
301
301
301
125
301
301
81
301
195
86
218
111
170
92
77
301
301
86
301
301
274
301
301
301
172
194
86
301
250
118
158
235
76
40
220
132
156
301
48
117
301
181
115
301
41
191
201
67
41
202
75
213
182
42
109
46
241
301
86
81
118
85
301
301
301
301
301
301
301
301
88
101
162
102
301
204
301
301
301
301
301
301
301
296
257
120
79
96
127
86
301
301
301
301
301
301
301
301
301
301
301
301
301
301
301
301
301
183
150
217
301
164
301
301
301
301
301
255
85
41
115
102
248
83
79
209
79
77
301
301
301
301
301
301
301
47
204
112
137
90
122
82
301
301
301
301
301
301
301
164
74
115
115
41
138
45
81
154
81
88
301
301
162
84
196
170
242
104
79
125
80
82
155
267
301
219
165
156
126
301
301
301
301
301
301
285
75
90
301
301
301
301
301
301
301
301
301
301
301
227
163
220
177
41
163
45
100
195
105
83
131
81
73
86
301
301
301
301
301
301
301
301
301
165
76
147
153
86
301
301
301
301
69
301
301
46
229
82
43
103
138
73
192
301
193
232
79
301
214
301
74
291
272
42
301
301
301
301
169
81
301
95
97
98
81
165
301
301
301
122
85
79
154
161
152
301
301
301
301
301
301
301
100
40
108
48
75
97
43
107
129
301
301
301
301
301
301
301
301
301
177
107
158
44
301
301
301
301
301
301
301
255
89
38
108
301
301
93
301
149
79
87
164
82
157
227
232
79
51
115
77
191
69
40
230
46
301
99
43
25
109
301
75
120
42
131
177
164
43
111
82
123
301
42
301
50
80
243
89
256
301
301
301
88
72
213
159
86
89
47
74
82
301
301
301
205
75
75
301
301
301
301
301
40
111
154
80
103
152
24
51
87
81
113
41
301
174
132
41
298
169
301
257
41
301
152
301
301
301
95
156
189
87
122
83
301
301
301
301
301
301
301
301
301
283
263
75
73
132
301
267
301
301
301
301
118
195
98
48
91
118
75
301
301
212
112
84
131
41
122
82
301
256
301
272
152
202
301
92
301
179
93
92
38
301
227
301
301
81
44
89
82
153
74
301
301
301
301
301
301
301
301
301
127
260
46
285
93
48
106
119
301
301
301
301
301
301
301
301
301
301
301
301
301
301
301
301
301
301
301
301
301
301
210
301
85
267
80
99
41
85
81
301
301
301
301
301
73
117
301
301
301
301
301
169
65
185
88
140
86
301
301
301
301
301
301
301
301
301
301
301
301
301
301
207
208
301
301
301
83
162
301
98
38
241
156
301
301
301
301
159
90
163
301
301
196
190
301
301
301
301
301
140
48
301
130
75
105
49
89
301
301
301
301
301
301
167
132
41
113
74
301
301
213
149
130
301
301
301
301
301
301
301
174
85
301
301
100
301
301
254
78
301
301
301
301
74
301
301
301
301
301
301
301
301
301
301
301
301
93
114
72
301
301
301
301
301
301
301
301
301
121
133
41
296
45
114
163
97
95
301
86
301
85
86
166
301
88
182
131
301
91
165
74
162
301
301
301
301
240
163
86
128
41
85
48
76
84
228
24
281
85
127
301
43
300
72
301
301
301
301
301
301
67
128
45
207
147
85
88
301
81
103
101
80
301
246
78
77
44
301
301
301
171
280
117
74
156
301
301
301
301
301
293
85
46
246
102
44
185
121
301
301
301
301
301
301
124
43
113
301
301
122
301
301
301
301
301
301
301
127
301
149
301
301
301
301
301
301
301
78
85
151
72
71
301
79
301
301
301
301
301
111
301
301
301
301
301
284
90
301
301
301
301
144
301
301
301
301
301
266
132
301
41
301
112
87
163
173
80
111
91
71
301
301
301
301
301
88
149
92
83
151
301
301
199
301
301
301
301
301
301
262
40
98
46
167
95
43
301
119
88
301
133
45
301
259
301
41
301
301
301
301
157
301
292
301
301
301
301
301
301
301
301
301
301
301
301
301
301
95
88
170
87
70
113
75
81
301
301
301
301
301
220
162
46
81
114
301
84
301
301
301
301
301
301
255
301
301
301
301
301
301
301
301
127
80
301
104
82
123
96
91
301
301
301
301
193
82
47
189
120
201
285
301
301
301
301
131
301
242
301
301
301
301
117
301
103
116
183
121
169
116
109
45
301
244
67
45
301
77
110
301
59
301
114
301
301
301
301
226
261
289
100
70
301
301
301
79
134
74
287
301
301
301
215
301
301
301
119
83
301
301
127
301
301
301
49
301
301
301
301
301
301
301
301
301
301
301
301
301
301
301
301
301
301
171
301
301
301
301
301
301
301
301
181
301
301
301
301
301
301
301
184
301
301
301
301
301
301
301
301
301
301
301
301
301
301
301
301
301
301
301
301
301
301
301
301
301
301
301
301
301
301
301
301
301
301
301
301
301
301
301
301
301
301
301
104
93
301
301
301
301
301
301
301
301
301
301
301
301
301
301
301
301
301
301
43
301
301
301
301
301
301
249
301
247
126
43
301
301
301
301
301
301
301
301
301
301
301
301
301
301
301
301
301
301
301
99
49
92
199
301
301
301
301
301
301
301
301
301
301
301
301
301
301
301
301
301
301
301
301
301
301
301
301
301
301
301
301
301
301
301
301
301
301
301
301
301
301
301
301
301
301
301
301
301
301
301
301
301
301
301
301
301
301
301
301
301
301
301
301
301
301
301
301
301
301
301
301
301
301
301
301
301
301
301
301
301
301
301
301
301
301
301
301
301
301
301
301
301
301
301
301
301
301
301
301
301
301
301
301
301
301
301
301
301
301
301
301
301
263
301
301
301
301
301
301
301
301
301
301
301
301
301
301
301
301
301
301
301
301
301
301
301
301
301
301
301
301
301
301
301
301
301
301
301
301
301
301
301
301
301
96
271
301
301
301
301
301
301
301
301
301
301
301
301
301
301
301
301
301
301
301
301
301
301
301
301
301
301
301
301
301
235
148
99
301
301
301
301
301
301
301
301
301
301
301
301
301
301
301
301
301
301
301
301
301
301
301
301
301
301
301
301
212
162
43
301
24
301
301
301
301
301
301
301
301
119
301
301
301
301
254
301
224
170
301
301
301
301
301
301
180
76
301
301
301
301
123
81
81
301
301
301
301
301
301
301
301
301
301
301
301
301
301
301
301
301
301
246
85
153
301
301
301
301
112
44
111
93
301
301
132
301
301
301
301
301
301
301
301
301
301
301
301
301
301
301
301
301
301
301
301
301
301
301
301
301
301
301
301
75
301
301
301
81
84
45
90
301
301
226
301
301
301
167
301
301
301
301
301
301
42
301
301
171
177
301
301
301
167
90
301
301
301
301
83
86
301
301
301
301
301
301
301
271
301
301
301
79
301
69
301
301
301
301
46
301
24
301
301
301
301
41
157
301
301
301
276
301
301
301
301
301
301
301
235
86
90
301
301
301
301
301
301
301
301
301
301
301
301
301
301
301
301
301
301
301
301
301
301
301
301
301
301
301
301
301
301
301
301
301
301
301
301
301
301
301
301
301
301
301
301
301
301
301
301
301
301
301
301
301
301
301
301
301
301
301
301
301
301
301
301
301
301
301
301
301
301
301
301
301
301
301
301
301
301
301
301
301
301
301
301
301
301
301
301
301
301
301
301
301
301
301
301
301
301
301
301
301
301
301
301
301
301
301
301
301
301
301
301
301
301
301
301
301
301
301
301
301
301
301
301
301
301
301
301
301
301
301
301
301
301
301
301
301
301
301
301
301
301
301
301
301
301
301
301
301
301
301
301
301
301
301
301
301
301
301
301
301
301
301
301
301
301
301
301
301
301
301
301
301
301
301
301
301
301
301
301
301
301
301
301
301
301
301
301
301
301
301
301
301
301
301
301
301
301
301
301
301
301
301
301
301
301
301
301
301
301
301
301
301
301
301
301
301
301
301
301
301
301
301
301
301
301
301
301
301
301
301
301
301
301
301
301
301
301
301
301
301
301
301
301
301
301
301
301
301
301
301
301
301
301
301
301
301
301
301
301
301
301
301
301
301
301
301
301
301
301
301
301
301
301
301
301
301
301
301
301
301
301
301
301
301
301
301
301
301
301
301
301
301
301
301
301
301
301
301
301
301
301
301
301
301
301
301
301
301
301
301
301
301
301
301
301
301
301
301
301
301
301
301
301
301
301
301
301
301
301
301
301
301
301
301
301
301
301
301
301
301
301
301
301
301
301
301
301
301
301
301
301
301
301
301
301
301
301
301
301
301
301
301
301
301
301
301
301
301
301
301
301
301
301
301
301
301
301
301
301
301
301
301
301
301
301
301
301
301
301
301
301
301
301
301
301
301
301
301
301
301
301
301
301
301
301
301
301
301
301
301
301
301
301
301
301
301
301
301
301
301
301
301
301
301
301
301
301
301
301
301
301
301
301
301
301
301
301
301
301
301
301
301
301
301
301
301
301
301
301
301
301
301
301
301
301
301
301
301
301
301
301
301
301
301
301
301
301
301
301
301
301
301
301
301
301
301
301
301
301
301
301
301
301
301
301
301
301
301
301
301
301
301
301
301
301
301
301
301
301
301
301
301
301
301
301
301
301
301
301
301
301
301
301
301
301
301
301
301
301
301
301
301
301
301
301
301
301
301
301
301
301
301
301
301
301
301
301
301
301
301
301
301
301
301
301
301
301
301
301
301
301
301
301
301
301
301
301
301
301
301
301
301
301
301
301
301
301
301
301
301
301
301
301
301
301
301
301
301
301
301
301
301
301
301
301
301
301
301
301
301
301
301
301
301
301
301
301
301
301
301
301
301
301
301
301
301
301
301
301
301
301
301
301
301
301
301
301
301
301
301
301
301
301
301
301
301
301
301
301
301
301
301
301
301
301
301
301
301
301
301
301
301
301
301
301
301
301
301
301
301
301
301
301
301
301
301
301
301
301
301
301
301
301
301
301
301
301
301
301
301
301
301
301
301
301
301
301
301
301
301
301
301
301
301
301
301
301
301
301
301
301
301
301
301
301
301
301
301
301
301
301
301
301
301
301
301
301
301
301
301
301
301
301
301
301
301
301
301
301
301
301
301
301
301
301
301
301
301
301
301
301
301
301
301
301
301
301
301
301
301
301
301
301
301
301
301
301
301
301
301
301
301
301
301
301
301
301
301
301
301
301
301
301
301
301
301
301
301
301
301
301
301
301
301
301
301
301
301
301
301
301
301
301
301
301
301
301
301
301
301
301
301
301
301
301
301
301
301
301
301
301
301
301
301
301
301
301
301
301
301
301
301
301
301
301
301
301
301
301
301
301
301
301
301
301
301
301
301
301
301
301
301
301
301
301
301
301
301
301
301
301
301
301
301
301
301
301
301
301
301
301
301
301
301
301
301
301
301
301
301
301
301
301
301
301
301
301
301
301
301
301
301
301
301
301
301
301
301
301
301
301
301
301
301
301
301
301
301
301
301
301
301
301
301
301
301
301
301
301
301
301
301
301
301
301
301
301
301
301
301
301
301
301
301
301
301
301
301
301
301
301
301
301
301
301
301
301
301
301
301
301
301
301
301
301
301
301
301
301
301
301
301
301
301
301
301
301
301
301
301
301
301
301
301
301
301
301
301
301
301
301
301
301
301
301
301
301
301
301
301
301
301
301
301
301
301
301
301
301
301
301
301
301
301
301
301
301
301
301
301
301
301
301
301
301
301
301
301
301
301
301
301
301
301
301
301
301
301
301
301
301
301
301
301
301
301
301
301
301
301
301
301
301
301
301
301
301
301
301
