301
275
301
216
41
292
103
301
301
301
170
207
301
301
301
46
301
301
116
301
301
86
301
301
279
301
197
301
301
301
301
301
301
301
301
301
301
257
51
301
301
301
301
125
248
301
301
301
301
171
51
301
301
300
301
301
301
301
301
301
301
301
301
301
301
301
301
301
301
301
301
301
86
301
301
301
301
301
301
45
301
301
301
301
301
301
301
301
301
301
301
301
301
42
301
301
301
301
301
301
301
301
301
301
301
301
301
301
301
301
301
301
301
301
301
301
301
301
301
301
301
301
301
301
301
301
301
173
301
44
301
301
301
301
301
301
301
301
301
301
301
301
301
41
301
301
301
301
52
301
301
301
301
301
45
301
301
301
44
301
301
301
301
46
301
301
301
301
301
301
301
301
301
301
301
301
301
301
301
49
301
301
301
301
301
301
301
301
301
301
301
301
301
41
301
301
301
301
301
301
301
301
301
301
301
301
301
301
301
301
301
127
301
47
301
301
301
301
301
301
301
301
301
301
301
301
301
301
301
43
301
301
301
301
301
301
301
301
301
301
301
301
301
41
301
301
301
301
50
301
301
301
301
301
44
301
301
301
44
301
301
301
301
44
301
301
301
301
301
301
301
301
301
301
301
301
301
301
301
43
301
301
301
301
301
301
301
301
301
301
301
301
301
41
301
301
301
301
50
301
301
301
301
301
44
301
301
301
43
301
301
301
301
44
301
301
301
301
105
176
301
301
301
301
301
301
301
301
301
44
301
301
301
301
301
301
301
301
301
301
301
301
301
41
301
280
301
301
301
301
301
301
301
301
301
301
301
301
301
301
301
301
114
45
110
275
301
301
301
301
301
301
301
301
301
301
301
301
301
43
301
301
301
301
301
301
301
301
301
301
301
301
301
301
301
301
301
301
301
301
301
77
143
301
44
301
301
301
44
301
301
301
301
301
301
301
301
301
301
301
301
301
301
301
301
301
301
301
301
301
301
301
301
301
301
301
301
301
301
301
301
301
301
301
301
301
301
301
301
301
301
301
301
301
301
301
301
301
301
301
301
301
301
301
301
301
301
301
301
301
301
301
301
301
301
301
301
301
301
301
301
301
301
301
301
301
301
301
301
301
301
301
301
301
301
301
301
301
301
301
301
301
301
301
301
301
301
301
301
301
301
301
301
301
301
301
301
301
301
301
301
301
301
301
301
301
301
301
301
301
301
301
301
301
301
301
301
301
301
301
301
301
301
301
301
301
301
301
301
301
301
301
301
301
301
301
301
301
301
301
301
301
301
301
301
301
301
301
301
301
301
301
301
301
301
301
301
301
301
301
301
301
301
301
301
301
301
301
301
301
301
301
301
301
301
301
301
301
301
301
301
301
301
301
301
301
301
301
301
301
301
301
301
301
301
301
301
301
301
301
301
301
301
301
301
301
301
301
301
301
301
301
301
301
301
301
301
301
301
301
301
301
301
301
301
301
301
301
301
301
301
301
301
301
301
301
301
301
301
301
301
301
301
301
301
301
301
301
301
301
301
301
301
301
301
301
301
301
301
301
301
301
301
301
301
301
301
301
301
301
301
301
301
301
301
301
301
301
301
301
301
301
301
301
301
301
301
301
301
301
301
301
301
301
301
301
301
301
301
301
301
301
301
301
301
301
301
301
301
301
301
301
301
301
301
301
301
301
301
301
301
301
301
301
301
301
301
301
301
301
301
301
301
301
301
301
301
301
301
301
301
301
301
301
301
301
301
301
301
301
301
301
301
301
301
301
301
301
301
301
301
301
301
301
301
301
301
301
301
301
301
301
301
301
301
301
301
301
301
301
301
301
301
301
301
301
301
301
301
301
301
301
301
301
301
301
301
301
301
301
301
301
301
301
301
301
301
301
301
301
301
301
301
301
301
301
301
301
301
301
301
301
301
301
301
301
301
301
301
301
301
301
301
301
301
301
301
301
301
301
301
301
301
301
301
301
301
301
301
301
301
301
301
301
301
301
301
301
301
301
301
301
301
301
301
301
301
301
301
301
301
301
301
301
301
301
301
301
301
301
301
301
301
301
301
301
301
301
301
301
301
301
301
301
301
301
301
301
301
301
301
301
301
301
301
301
301
301
301
301
301
301
301
301
301
301
301
301
301
301
301
301
301
301
301
301
301
301
301
301
301
301
301
301
301
301
301
301
301
301
301
301
301
301
301
301
301
301
301
301
301
301
301
301
301
301
301
301
301
301
301
301
301
301
301
301
301
301
301
301
301
301
301
301
301
301
301
301
301
301
301
301
301
301
301
301
301
301
301
301
301
301
301
301
301
301
301
301
301
301
301
301
301
301
301
301
301
301
301
301
301
301
301
301
301
301
301
301
301
301
301
301
301
301
301
301
301
301
301
301
301
301
301
301
301
301
301
301
301
301
301
301
301
301
301
301
301
301
301
301
301
301
301
301
301
301
301
301
301
301
301
301
301
301
301
301
301
301
301
301
301
301
301
301
301
301
301
43
301
301
301
301
301
301
301
301
301
301
301
301
301
301
301
301
301
301
301
301
301
301
301
301
301
38
301
301
301
301
301
301
301
301
301
301
301
301
301
301
301
301
301
301
301
301
301
301
301
301
301
301
301
301
301
301
301
301
301
301
301
301
301
301
301
301
301
301
301
301
301
301
301
301
301
38
301
301
301
301
301
57
301
301
301
301
301
301
301
301
301
301
301
301
69
47
301
301
301
43
301
25
301
301
301
301
57
301
301
301
301
301
301
301
301
301
301
301
301
301
301
301
301
301
301
301
301
301
301
301
301
49
301
301
301
301
301
301
301
301
301
301
301
301
301
301
301
301
301
301
301
301
301
301
301
301
301
301
301
301
301
301
301
301
301
301
301
301
301
301
301
301
301
301
301
301
301
301
301
301
301
301
301
301
301
301
301
301
301
301
301
301
301
301
301
301
301
301
301
301
301
301
301
301
301
301
301
301
301
301
301
301
301
301
301
301
301
301
301
301
301
301
301
301
301
301
301
301
301
301
301
301
301
301
301
301
301
301
301
301
301
301
301
301
301
301
301
301
301
301
301
301
301
301
301
301
301
301
301
301
301
301
301
301
301
301
301
301
301
301
301
301
301
301
301
301
301
301
301
301
301
301
301
301
301
301
301
301
301
301
301
301
301
301
301
301
301
301
301
301
301
301
301
301
301
301
301
301
301
301
301
301
301
301
301
301
301
301
301
301
301
301
301
301
301
301
301
301
301
301
301
301
301
301
301
301
301
301
301
301
301
301
301
301
301
301
301
301
301
301
301
301
301
301
301
301
301
301
301
301
301
301
301
301
301
301
301
301
301
301
301
301
301
301
301
301
301
301
301
301
301
301
301
301
301
301
301
301
301
301
301
301
301
301
301
301
301
301
301
301
301
301
301
301
301
301
301
301
301
301
301
301
301
301
301
301
301
301
301
301
301
301
301
301
301
301
301
301
301
301
301
301
301
301
301
301
301
301
301
301
301
301
301
301
301
301
301
301
301
301
301
301
301
301
301
301
301
301
301
301
301
301
301
301
301
301
301
301
301
301
301
301
301
301
301
301
301
301
301
301
301
301
301
301
301
301
301
301
301
301
301
301
301
301
301
301
301
301
301
301
301
301
301
301
301
301
301
301
301
301
301
301
301
301
301
301
301
301
301
301
301
301
301
301
301
301
301
301
301
301
301
301
301
301
301
301
301
301
301
301
301
301
301
301
301
301
301
301
301
301
301
301
301
301
301
301
301
301
301
301
301
301
301
301
301
301
301
301
301
301
301
301
301
301
301
38
301
301
301
301
301
301
301
301
301
301
301
301
301
301
301
301
301
301
301
301
301
301
301
301
301
301
301
301
301
301
301
301
301
301
301
301
301
301
301
301
301
301
301
301
301
301
301
301
301
301
301
301
301
301
301
301
301
301
301
301
301
301
301
301
301
301
301
301
301
301
301
301
301
301
301
301
301
301
301
301
301
301
301
301
301
301
301
301
301
301
301
301
301
301
301
301
301
301
301
301
301
301
301
301
301
301
301
301
301
301
301
301
301
301
301
301
301
301
301
301
301
301
301
301
301
301
301
301
301
301
301
301
301
301
301
301
301
301
301
301
301
301
301
301
301
301
301
301
301
301
301
301
301
301
301
301
301
301
301
301
301
301
301
301
301
301
301
301
301
301
301
301
301
301
301
301
301
301
301
301
301
301
301
301
301
301
301
301
301
301
301
301
301
301
301
301
301
301
301
301
301
301
301
301
301
301
301
301
301
301
301
301
301
301
301
301
301
301
301
301
301
301
301
301
301
301
301
301
301
301
301
301
301
301
301
301
301
301
301
301
301
301
301
301
301
301
301
301
301
301
301
301
301
301
301
301
301
301
301
301
301
301
301
301
301
301
301
301
301
301
301
301
301
301
301
301
301
301
301
301
301
301
301
301
301
301
301
301
301
301
301
301
301
301
301
301
301
301
301
301
301
301
301
301
301
301
301
301
301
301
301
301
301
301
301
301
301
301
301
301
301
301
301
301
301
301
301
301
301
301
301
301
301
301
301
301
301
301
301
301
301
301
301
301
301
301
301
301
301
301
301
301
301
301
301
301
301
301
301
301
301
301
301
301
301
301
301
301
301
301
301
301
301
301
301
301
301
301
301
301
301
301
301
301
301
301
301
301
301
301
301
301
301
301
301
301
301
301
301
301
301
301
301
301
301
301
301
301
301
301
301
301
301
301
301
301
301
301
301
301
301
301
301
301
301
301
301
301
301
301
301
301
301
301
301
301
301
301
301
301
301
301
301
301
301
301
301
301
301
301
301
301
301
301
301
301
301
301
301
301
301
301
301
301
301
301
301
301
301
301
301
301
301
301
301
301
301
301
301
301
301
301
301
301
301
301
301
301
301
301
301
301
301
301
301
301
301
301
301
301
301
301
301
301
301
301
301
301
301
301
301
301
301
301
301
301
301
301
301
301
301
301
301
301
301
301
301
301
301
301
301
301
301
301
301
301
301
301
301
301
301
301
301
301
301
301
301
301
301
301
301
301
301
301
301
301
301
301
301
301
301
301
301
301
301
301
301
301
301
301
301
301
301
301
301
301
301
301
301
301
301
301
301
301
301
301
301
301
301
301
301
301
301
301
301
301
301
301
301
301
301
301
301
301
301
301
301
301
301
301
301
301
301
301
301
301
301
301
301
301
301
301
301
301
301
301
301
301
301
301
301
301
301
301
301
301
301
301
301
301
301
301
301
301
301
301
301
301
301
301
301
301
301
301
301
301
301
301
301
301
301
301
301
301
301
301
301
301
301
301
301
301
301
301
301
301
301
301
301
301
301
301
301
301
301
301
301
301
301
301
301
301
301
301
301
301
301
301
301
42
301
301
301
301
301
301
301
301
301
301
301
301
301
301
301
301
301
301
69
301
301
301
301
43
301
24
301
301
301
301
301
301
301
301
301
301
301
301
301
301
301
301
301
301
301
301
301
301
301
45
301
301
301
301
301
301
301
301
301
301
301
301
301
301
301
301
301
301
69
301
301
301
301
301
301
301
301
301
301
301
301
301
301
301
301
301
301
301
301
301
301
301
301
301
301
301
301
301
301
38
301
301
301
301
301
301
301
301
301
301
301
301
301
301
301
301
301
301
69
301
301
301
301
43
301
24
301
301
301
301
301
301
301
301
301
301
301
301
301
301
301
301
301
301
301
301
301
301
301
39
301
301
301
301
301
301
301
301
301
301
301
301
301
301
301
301
301
301
301
301
301
301
301
43
301
24
301
301
301
301
301
301
301
301
301
301
301
301
301
301
301
301
301
301
301
301
301
301
301
38
301
301
301
301
301
301
301
301
301
301
301
301
301
301
301
301
301
301
69
301
301
301
301
301
301
301
301
301
301
301
301
301
301
301
301
301
301
301
301
301
301
301
301
301
301
301
301
301
301
301
301
301
301
301
301
301
301
301
301
301
301
301
301
301
301
301
301
301
69
301
301
301
301
43
301
26
301
301
301
301
301
301
301
301
301
301
301
301
301
301
301
301
301
301
301
301
301
301
301
38
301
301
301
301
301
301
301
301
301
301
301
301
301
301
301
301
301
301
301
301
301
301
301
43
301
24
301
301
301
301
301
301
301
301
301
301
301
301
301
301
301
301
301
301
301
301
301
301
301
301
301
301
301
301
301
301
301
301
301
301
301
301
301
301
301
301
301
301
301
301
301
301
301
301
301
301
301
301
301
301
301
301
301
301
301
301
301
301
301
301
301
301
301
301
301
301
301
301
301
301
301
301
301
301
301
301
301
301
301
301
301
301
301
301
301
301
301
301
301
301
301
301
301
301
301
301
301
301
301
301
301
301
301
301
301
301
301
301
301
301
301
301
301
301
301
301
301
301
301
301
301
301
301
301
301
301
301
301
301
301
301
301
301
301
301
301
301
301
301
301
301
301
301
301
301
301
301
301
301
301
301
301
301
301
301
301
301
301
301
301
301
301
301
301
301
301
301
301
301
301
301
301
301
301
301
301
301
301
301
301
301
301
301
301
301
301
301
301
301
301
301
301
301
301
301
301
301
301
301
301
301
301
301
301
301
301
301
301
301
301
301
301
301
301
301
301
301
301
301
301
301
301
301
301
301
301
301
301
301
301
301
301
301
301
301
301
301
301
301
301
301
301
301
301
301
301
301
301
301
301
301
301
301
301
301
301
301
301
301
301
301
301
301
301
301
301
301
301
301
38
301
301
301
301
301
301
301
301
301
301
301
301
301
301
301
301
301
301
301
301
301
301
301
301
301
301
301
301
301
301
301
301
301
301
301
301
301
301
301
301
301
301
301
301
301
301
301
301
301
42
301
301
301
301
301
301
301
301
301
301
301
301
301
301
301
301
301
301
69
301
301
301
301
43
301
24
301
301
301
301
301
301
301
301
301
301
301
301
301
301
301
301
301
301
301
301
301
301
301
301
301
301
301
301
301
301
301
301
301
301
301
301
301
301
301
301
301
301
301
301
301
301
301
301
301
301
301
301
301
301
301
301
301
301
301
301
301
301
301
301
301
301
301
301
301
301
301
301
301
301
301
301
301
301
301
301
301
301
301
301
301
301
301
301
301
301
301
301
301
301
301
301
301
301
301
301
301
301
301
301
301
301
301
301
301
301
301
301
301
301
301
301
301
301
301
301
301
301
301
38
301
301
301
301
301
301
301
301
301
301
301
301
301
301
301
301
301
301
79
301
301
301
301
43
301
28
301
301
301
301
301
301
301
301
301
301
301
301
301
301
301
301
301
301
301
301
301
301
301
301
301
301
301
301
301
301
301
301
301
301
301
301
301
301
301
301
301
301
69
301
301
301
301
301
301
301
301
301
301
301
301
301
301
301
301
301
301
301
301
301
301
301
301
301
301
301
301
301
301
38
301
301
301
301
301
301
301
301
301
301
301
301
301
301
301
301
301
301
69
301
301
301
301
43
301
24
301
301
301
301
301
301
301
301
301
301
301
301
301
301
301
301
301
301
301
301
301
301
301
301
301
301
301
301
301
301
301
301
301
301
301
301
301
301
301
301
301
301
71
301
301
301
301
43
301
24
301
301
301
301
301
301
301
301
301
301
301
301
301
301
301
301
301
301
301
301
301
301
301
301
301
301
301
301
301
301
301
301
301
301
301
301
301
301
301
301
301
301
69
301
301
301
301
51
301
24
301
301
301
301
301
301
301
301
301
301
301
301
301
301
301
301
301
301
301
301
301
301
301
38
301
301
301
301
301
301
301
301
301
301
301
301
301
301
301
301
301
301
69
301
301
301
301
43
301
24
301
301
301
301
301
301
301
301
301
301
301
301
301
301
301
301
301
301
301
301
301
301
301
38
301
301
301
301
301
301
301
301
301
301
301
301
301
301
301
301
301
301
69
301
301
301
301
43
301
24
301
301
301
301
301
301
301
301
301
301
301
301
301
301
301
301
301
301
301
301
301
301
301
301
301
301
301
301
301
301
301
301
301
301
301
301
301
301
301
301
301
301
301
301
301
301
301
301
301
301
301
301
301
301
301
301
301
301
301
301
301
301
301
301
301
301
301
301
301
301
301
301
301
38
301
301
301
301
301
301
301
301
301
301
301
301
301
301
301
301
301
301
69
301
301
301
301
43
301
24
301
301
301
301
301
301
301
301
301
301
301
301
301
301
301
301
301
301
301
301
301
301
301
38
301
301
301
301
301
301
301
301
301
301
301
301
301
301
301
301
301
301
69
301
301
301
301
301
301
301
301
301
301
301
301
301
301
301
301
301
301
301
301
301
301
301
301
301
301
301
301
301
301
301
301
301
301
301
301
301
301
301
301
301
301
301
301
301
301
301
301
301
72
301
301
301
301
301
301
24
301
301
301
301
301
301
301
301
301
301
301
301
301
301
301
301
301
301
301
301
301
301
301
301
301
301
301
301
301
301
301
301
301
301
301
301
301
301
301
301
301
301
73
301
301
301
301
301
301
25
301
301
301
301
301
301
301
301
301
301
301
301
301
301
301
301
301
301
301
301
301
301
301
38
301
301
301
301
301
301
301
301
301
301
301
301
301
301
301
301
301
301
69
301
301
301
301
43
301
24
301
301
301
301
301
301
301
301
301
301
301
301
301
301
301
301
301
301
301
301
301
301
301
301
301
301
301
301
301
301
301
301
301
301
301
301
301
301
301
301
301
301
69
301
301
301
301
301
301
24
301
301
301
301
301
301
301
301
301
301
301
301
301
301
301
301
301
301
301
301
301
301
301
301
301
301
301
301
301
301
301
301
301
301
301
301
301
301
301
301
301
301
301
301
301
301
301
43
301
24
301
301
301
301
301
301
301
301
301
301
301
301
301
301
301
301
301
301
236
301
301
301
301
38
301
301
301
218
301
301
124
301
301
301
301
301
301
301
301
301
301
301
69
301
301
301
301
301
301
24
301
301
301
301
301
301
301
301
301
301
301
301
301
301
301
301
301
301
301
301
301
301
301
38
301
301
301
301
301
301
301
301
301
301
301
301
301
301
301
301
301
301
301
301
301
301
301
301
301
301
301
301
301
301
301
301
301
301
301
301
301
301
301
301
301
301
301
301
301
301
301
301
301
301
301
301
301
301
301
301
301
301
301
301
301
301
301
301
301
301
301
301
301
301
301
301
301
301
301
301
301
301
301
301
301
301
301
301
301
301
301
301
301
301
301
301
301
301
301
301
301
301
301
301
301
301
301
301
301
301
301
301
301
301
301
301
301
301
301
301
301
301
301
301
301
301
301
301
301
301
301
301
301
301
301
301
301
301
301
301
301
301
301
301
301
301
301
301
301
301
301
301
301
301
301
301
301
301
301
301
301
301
301
301
301
301
301
301
301
301
301
301
69
301
301
301
301
43
301
24
301
301
301
301
301
301
301
301
301
301
301
301
301
301
301
301
301
301
301
301
301
301
301
38
301
301
301
200
104
57
99
96
301
193
187
237
183
182
140
214
179
301
71
45
301
139
182
123
141
27
137
176
146
301
51
301
194
154
55
301
182
301
301
144
301
149
301
301
93
301
301
97
194
135
96
301
301
97
94
44
95
97
301
104
105
144
188
181
140
301
186
301
102
45
301
146
301
105
139
111
141
199
301
301
173
301
102
227
208
301
301
301
301
50
301
139
301
301
102
301
301
99
187
147
198
301
301
247
96
148
97
102
301
301
301
301
301
301
301
301
301
301
69
150
301
301
301
43
301
110
301
301
301
301
142
301
109
301
152
301
301
301
301
44
301
54
301
301
103
301
301
98
94
39
98
301
301
100
99
147
104
102
301
301
301
301
301
301
301
301
301
301
69
49
301
301
281
105
147
106
240
301
301
301
301
301
301
301
52
301
301
301
301
301
301
301
301
301
301
301
301
301
301
38
301
301
301
301
301
301
301
301
301
301
301
301
301
301
301
301
301
301
113
49
301
301
301
301
301
301
301
301
301
301
44
301
301
301
45
301
301
301
301
53
301
301
301
301
301
301
301
301
301
301
301
301
301
301
301
301
301
301
301
301
301
301
301
301
301
301
301
301
301
301
301
301
301
301
301
24
301
301
301
301
301
301
301
301
301
301
301
301
301
301
301
301
301
301
301
301
301
301
301
38
301
301
301
301
301
301
301
301
301
301
301
301
301
301
301
301
301
301
301
301
301
301
301
301
301
301
301
301
301
301
301
301
301
301
301
301
301
301
301
301
301
301
301
301
301
301
301
301
301
301
301
301
301
301
301
301
301
301
301
301
301
301
301
301
301
301
301
301
301
301
301
301
301
43
301
24
301
301
301
301
301
301
301
301
301
301
301
301
301
301
301
301
301
301
301
301
301
301
301
38
301
301
301
301
301
301
301
130
301
301
301
301
301
301
301
301
301
301
301
301
301
301
301
301
301
301
301
301
301
301
301
301
301
301
301
301
301
301
301
301
301
301
301
301
301
301
301
301
301
301
301
301
301
301
301
301
301
301
301
301
301
301
301
301
301
301
301
301
301
301
301
301
301
301
301
301
301
301
301
301
301
301
301
301
301
301
301
301
301
301
301
301
301
301
301
301
301
301
301
301
301
301
301
301
301
301
301
301
301
301
301
301
301
301
301
301
301
301
301
301
301
301
301
301
301
301
301
301
301
301
301
301
301
301
301
301
301
301
301
301
301
301
301
301
301
301
301
301
301
301
301
301
301
301
301
301
301
301
301
301
301
301
301
301
301
301
301
301
301
301
301
301
301
301
301
301
301
301
301
301
301
301
301
301
301
301
301
301
301
301
301
301
301
301
301
301
301
301
301
301
301
301
301
301
301
301
301
301
301
301
301
301
301
301
301
301
301
301
301
301
301
301
301
301
301
301
301
301
301
301
301
301
301
301
301
301
301
301
301
301
301
301
301
301
301
301
301
301
301
38
301
301
301
301
301
301
301
301
301
301
301
301
301
301
301
301
301
301
301
301
301
301
301
301
301
301
301
301
301
301
301
301
301
301
301
301
301
301
301
301
301
301
301
301
301
301
301
301
301
301
301
301
301
301
301
301
301
301
301
301
301
301
301
301
301
301
301
301
301
301
301
301
301
301
301
301
301
301
301
301
301
301
301
301
301
301
301
301
301
301
301
301
301
301
301
301
301
301
301
301
301
301
301
301
301
301
301
301
301
301
301
301
301
301
301
301
301
301
301
301
301
301
301
301
301
301
301
301
301
301
301
301
301
301
301
301
301
301
301
301
301
301
301
301
301
301
301
301
301
301
301
301
301
301
301
301
301
301
301
301
301
301
301
301
301
301
301
301
301
301
301
301
301
301
301
301
301
301
301
301
301
301
301
301
301
301
301
301
301
301
301
301
301
301
301
301
301
301
301
42
301
301
301
301
301
301
301
301
301
301
301
301
301
301
301
301
301
301
69
301
301
301
301
301
301
301
301
301
301
301
301
301
301
301
301
301
301
301
301
301
301
301
301
301
301
301
301
301
301
301
301
301
301
301
301
301
301
301
301
301
301
301
301
301
301
301
301
301
301
301
301
301
301
301
301
301
301
301
301
301
301
301
301
301
301
301
301
301
301
301
301
301
301
301
301
301
301
301
301
301
301
301
301
301
301
301
301
301
301
301
301
301
301
301
301
301
301
301
301
301
301
301
301
301
301
301
301
301
301
301
301
301
301
301
301
301
301
301
301
301
301
301
301
301
301
301
301
301
301
301
301
301
301
301
301
301
301
301
301
301
301
301
301
301
301
301
301
301
301
301
301
301
301
301
301
301
301
301
301
301
301
301
301
301
301
301
301
301
301
301
301
301
301
301
301
301
301
301
301
301
301
301
301
301
301
301
301
301
301
301
301
301
301
301
301
301
301
301
301
301
301
301
301
301
301
301
301
301
301
301
301
301
301
301
301
301
301
301
301
301
301
301
301
301
301
301
301
301
301
38
301
301
301
301
301
301
301
301
301
301
301
301
301
301
301
301
301
301
301
301
301
301
301
301
301
301
301
301
301
301
301
301
301
301
301
301
301
301
301
301
301
301
301
301
301
301
301
301
301
301
301
301
301
301
301
301
301
301
301
301
301
301
301
301
301
301
301
301
301
301
301
301
301
301
301
301
301
301
301
301
301
301
301
301
301
301
301
301
301
301
301
301
301
301
301
301
301
301
301
301
301
301
301
301
301
301
301
301
301
301
301
301
301
301
301
301
301
301
301
301
301
301
301
301
301
301
301
301
301
301
301
301
301
301
301
301
301
301
301
301
301
301
301
301
301
301
301
301
301
301
301
301
301
301
301
301
301
301
301
301
301
301
301
301
301
301
301
301
301
301
301
301
301
301
301
301
301
301
301
301
301
301
301
301
301
301
301
301
301
301
301
301
301
301
301
301
301
301
301
301
301
301
301
301
301
301
301
301
301
301
301
301
301
301
301
301
301
301
301
301
301
301
301
301
301
301
301
301
301
301
301
301
301
301
301
301
301
301
301
301
301
301
301
301
301
301
301
301
301
301
301
301
301
301
301
301
301
301
301
301
301
301
301
301
301
301
301
301
301
301
301
301
301
301
301
301
301
301
301
301
301
301
301
301
301
301
301
301
301
301
301
301
301
301
301
301
301
301
301
301
301
301
301
301
301
301
301
301
301
301
301
301
301
301
301
301
301
301
301
301
301
301
301
301
301
301
301
301
301
301
301
301
301
301
301
301
301
301
301
301
301
301
301
301
301
301
301
301
301
301
301
301
301
301
301
301
301
301
301
301
301
301
301
301
301
301
301
301
301
301
301
301
301
301
301
301
301
301
301
301
301
301
301
301
301
301
301
301
301
301
301
301
301
301
301
301
301
301
301
301
301
301
301
301
301
301
301
301
301
301
301
301
301
301
301
301
301
301
301
301
301
301
301
301
301
301
301
301
301
301
301
301
301
301
301
301
301
301
301
301
301
301
301
301
301
301
301
301
301
301
301
301
301
301
301
301
301
301
301
301
301
301
301
301
301
301
301
301
301
301
301
301
301
301
301
301
301
301
301
301
301
301
301
301
301
301
301
301
301
301
301
301
301
301
301
301
301
301
301
301
301
301
301
301
301
301
301
301
301
301
301
301
301
301
301
301
301
301
301
301
301
301
301
301
301
301
301
301
301
301
301
301
301
301
301
301
301
301
301
301
301
301
301
301
301
301
301
301
301
301
301
301
301
301
301
301
301
301
301
301
301
301
301
301
301
301
301
301
301
301
301
301
301
301
301
301
301
301
301
301
301
301
301
301
301
301
301
301
301
301
301
301
301
301
301
301
301
301
301
301
301
301
301
301
301
301
301
301
301
301
301
301
301
301
301
301
301
301
301
301
301
301
301
301
301
301
301
301
301
301
301
301
301
301
301
301
301
301
301
301
301
301
301
301
301
301
301
301
301
301
301
301
301
301
301
301
301
301
301
301
301
301
301
301
301
301
301
301
301
301
301
301
301
301
301
301
301
301
301
301
301
301
301
301
301
301
301
301
301
301
301
301
301
301
301
301
301
301
301
301
301
301
301
301
301
301
301
301
301
301
301
301
301
301
301
301
301
301
69
301
301
301
301
43
301
24
301
301
301
301
301
301
301
301
301
301
301
301
301
301
301
301
301
301
301
301
301
301
301
38
301
301
301
301
301
301
301
301
301
301
301
301
301
301
301
301
301
301
69
301
301
301
301
301
301
301
301
301
301
301
301
301
301
301
301
301
301
301
301
301
301
301
301
301
301
301
301
301
301
301
301
301
301
301
301
301
301
301
301
301
301
301
301
301
301
301
301
301
69
301
301
301
301
301
301
301
301
301
301
301
301
301
301
301
301
301
301
301
301
301
301
301
301
301
301
301
301
301
301
301
301
301
301
301
301
301
301
301
301
301
301
301
301
301
301
301
301
301
301
301
301
301
301
301
301
301
301
301
301
301
301
301
301
301
301
301
301
301
301
301
301
301
301
301
301
301
301
301
301
301
301
301
301
301
301
301
301
301
288
109
108
137
301
301
301
301
301
301
301
301
301
301
301
301
301
301
301
301
301
301
301
301
301
301
301
301
301
301
301
301
301
301
301
301
301
301
301
301
301
301
301
301
301
301
301
301
301
301
301
301
301
301
301
301
301
301
301
301
301
301
301
301
301
301
301
301
301
301
301
301
301
301
301
301
301
301
301
301
301
301
301
301
301
301
301
301
301
301
301
301
301
301
301
301
301
301
301
301
301
301
301
301
301
301
301
301
301
301
69
301
301
301
301
43
301
35
301
301
301
301
301
301
301
301
301
301
301
301
301
301
301
301
301
301
301
301
301
301
186
301
287
151
301
301
301
301
301
301
301
301
301
301
301
301
301
301
301
301
301
301
301
301
301
301
301
301
301
301
301
301
301
301
301
301
301
301
301
301
301
301
301
301
301
301
301
301
301
301
301
38
301
301
301
301
301
301
301
301
301
301
301
301
301
301
301
301
301
301
301
301
301
301
301
43
301
24
301
301
301
301
301
301
301
301
301
301
301
301
301
301
301
301
301
301
115
301
301
301
301
46
301
301
301
301
301
301
301
301
301
301
301
301
301
301
301
301
301
301
69
301
301
301
301
43
301
24
301
301
301
301
301
301
301
301
301
301
301
301
301
301
301
301
301
301
301
301
301
301
301
38
301
301
301
301
301
301
301
301
301
301
301
301
301
301
301
301
301
301
301
301
301
301
301
55
301
24
301
301
301
301
301
301
301
301
301
301
301
301
301
301
301
301
301
301
301
301
301
301
301
38
301
301
301
301
301
301
301
301
301
301
301
301
301
301
301
301
301
301
75
301
301
219
169
43
240
32
301
301
301
301
170
301
301
301
301
301
301
301
301
301
301
301
301
301
110
301
301
301
301
38
301
301
301
301
301
301
301
301
301
301
301
301
301
301
301
301
301
301
301
301
301
301
301
43
301
24
301
301
301
301
301
301
301
301
301
301
301
301
301
132
301
301
301
301
103
301
273
91
172
38
176
301
301
94
96
227
197
216
301
301
301
301
301
301
299
301
301
301
69
139
301
301
301
301
301
301
301
301
301
301
236
301
168
278
121
282
301
278
301
126
301
207
301
301
97
234
212
85
187
98
187
301
281
90
88
124
94
92
255
80
85
133
162
162
124
205
254
301
92
48
301
116
145
88
114
24
124
155
216
301
143
301
186
301
152
301
301
301
301
142
301
290
301
301
89
150
207
81
81
89
81
206
176
81
82
134
88
85
296
79
82
194
301
301
216
301
301
301
87
48
301
118
301
91
127
24
223
301
267
301
122
299
77
116
119
180
148
184
301
120
301
119
301
301
92
270
249
301
301
301
301
301
301
301
301
301
301
301
301
301
301
128
236
246
131
287
301
301
93
50
301
130
301
202
301
24
301
301
301
301
169
301
301
301
59
301
301
301
301
62
301
131
301
301
86
149
183
79
92
91
86
214
190
86
85
138
97
95
301
301
267
301
301
301
301
301
301
301
95
148
301
301
301
99
301
111
301
301
301
301
290
301
281
301
301
301
301
301
301
233
301
113
301
301
88
284
259
84
80
95
83
301
301
192
90
230
97
92
244
84
90
135
188
97
125
179
94
210
96
46
159
301
301
301
301
24
301
301
301
301
301
301
301
301
301
301
301
301
301
301
301
301
301
301
301
301
301
301
301
301
301
301
301
301
301
301
301
301
301
301
301
301
301
301
114
301
301
301
90
57
301
116
149
181
115
90
130
241
121
301
118
301
82
122
119
128
94
124
286
127
201
128
269
181
97
158
193
80
80
103
78
207
180
84
83
160
91
87
241
81
88
126
190
95
118
178
80
204
136
44
231
119
206
107
126
24
116
87
119
184
53
167
87
129
46
123
86
128
206
47
182
124
158
194
102
154
181
84
89
109
87
210
183
86
88
51
92
97
224
92
92
145
170
167
131
211
174
301
140
47
301
130
170
110
181
24
142
301
301
301
50
294
301
301
164
301
176
161
242
52
208
143
228
269
101
164
207
89
96
102
101
301
252
94
90
51
100
96
301
169
278
301
301
301
219
301
301
301
130
44
301
128
170
93
123
24
125
173
219
301
54
301
199
301
47
301
301
221
225
55
184
131
159
259
102
157
196
82
90
104
90
212
184
84
86
51
92
94
226
88
89
126
176
87
123
191
176
204
124
44
251
124
156
92
121
110
119
88
123
181
51
175
86
119
56
130
163
129
221
50
185
123
158
250
96
155
189
83
92
99
93
301
199
87
89
51
94
92
247
92
88
127
181
189
154
149
164
229
123
44
205
136
159
105
168
24
123
96
121
193
47
187
92
126
47
225
301
233
301
49
301
147
301
301
101
301
301
301
301
301
301
301
301
301
301
50
301
301
301
301
301
301
301
301
301
301
301
301
69
45
301
301
301
43
301
24
301
301
301
301
59
301
301
301
58
301
301
301
301
59
301
301
301
301
301
301
301
301
301
49
301
301
301
301
301
51
301
301
301
301
301
301
301
301
301
301
301
301
301
46
301
141
166
43
131
24
301
301
301
301
60
301
301
301
45
301
301
301
301
50
301
67
301
301
301
301
301
301
301
38
301
301
301
301
301
44
301
301
301
301
301
301
301
301
301
301
301
301
301
47
301
301
301
301
77
26
301
301
301
301
44
301
301
301
45
301
301
301
301
48
301
64
301
301
301
301
301
301
301
301
301
301
301
301
301
301
301
301
301
301
301
301
301
301
301
301
301
301
70
301
301
301
301
56
301
24
301
301
301
301
301
301
301
301
301
301
301
301
301
301
301
301
301
301
301
301
301
301
301
301
301
301
301
301
301
301
301
301
301
301
301
301
301
301
301
301
301
301
71
301
301
301
301
43
301
26
301
301
301
301
301
301
301
301
301
301
301
301
301
301
301
301
301
301
301
301
301
301
301
301
301
301
301
301
301
301
301
301
301
301
301
301
301
301
301
301
301
301
301
46
301
148
169
301
149
99
152
82
119
301
61
228
80
121
148
182
83
128
155
149
301
122
161
146
90
184
301
91
89
101
84
164
301
204
92
146
103
102
257
99
86
121
99
82
124
301
84
158
91
43
157
126
86
98
60
301
125
82
127
225
49
152
83
120
45
106
81
115
148
48
301
126
157
148
89
84
185
84
83
94
82
139
181
85
83
48
90
88
135
85
83
124
85
84
125
182
86
209
98
43
212
129
301
150
53
29
125
85
124
168
47
185
83
120
45
122
87
113
195
44
184
145
159
228
102
154
185
90
91
40
93
269
199
92
92
43
98
103
301
301
301
301
301
301
301
301
301
301
69
301
301
301
301
301
301
24
301
301
301
301
301
301
301
301
301
301
301
301
301
301
301
301
301
301
301
301
301
301
301
49
301
301
301
301
301
301
301
301
301
301
301
301
301
301
301
301
301
301
301
301
301
301
301
301
301
301
301
301
301
301
301
301
301
301
301
301
301
301
301
301
301
301
301
301
301
301
301
301
301
40
301
301
301
301
301
301
301
301
301
301
301
301
301
301
301
301
301
301
301
301
301
301
301
301
301
26
301
301
301
301
301
301
301
301
301
301
301
301
301
301
301
301
301
301
301
301
301
301
301
38
301
301
301
301
301
301
301
301
301
301
301
150
301
301
301
301
301
301
70
253
301
172
301
301
301
24
197
301
143
301
56
301
301
301
51
301
301
250
301
55
301
50
301
301
301
301
301
226
185
119
297
301
301
301
301
301
301
301
301
301
301
301
301
301
301
301
301
301
301
301
301
301
301
301
301
301
301
301
301
301
301
301
301
301
301
301
301
301
301
301
301
301
301
301
301
301
301
301
301
38
301
301
301
301
301
301
301
301
301
301
301
301
301
301
301
301
301
301
301
301
301
301
301
301
301
301
301
301
301
301
301
301
301
301
301
301
301
301
301
301
301
301
301
301
301
301
301
301
301
301
301
301
301
301
301
301
301
301
301
301
301
301
301
301
301
301
301
301
301
301
301
301
301
301
301
301
301
301
301
301
301
301
301
301
301
301
301
301
301
301
301
301
301
301
301
301
301
301
301
301
301
301
301
301
301
301
301
301
301
301
301
301
301
301
301
301
301
301
69
301
301
301
301
51
301
294
158
189
151
301
43
301
194
140
45
239
301
232
301
46
301
51
301
301
107
301
234
101
188
119
200
301
301
102
108
44
107
113
301
225
301
155
301
301
62
301
301
301
121
54
301
47
262
43
53
26
55
188
170
301
50
301
199
166
51
141
301
256
301
54
301
49
301
301
116
301
229
99
185
121
104
301
232
102
97
50
112
116
301
213
185
146
301
301
52
301
301
301
110
50
301
52
301
107
46
26
158
301
151
301
44
301
299
153
43
301
301
301
301
46
301
48
301
301
117
301
297
95
189
121
191
301
301
99
95
49
103
102
301
203
284
148
301
301
175
232
301
301
219
209
301
168
301
52
62
26
170
301
275
301
57
301
301
162
63
301
301
301
301
72
301
301
301
301
301
301
301
301
301
40
215
301
301
218
227
89
130
240
301
196
301
268
301
301
61
301
301
301
301
301
301
301
301
301
301
301
301
301
301
301
301
301
301
301
301
301
301
301
301
301
301
301
301
301
301
301
301
301
301
301
301
301
301
301
301
301
301
301
301
301
301
301
301
301
301
301
301
301
301
301
301
301
301
301
301
301
301
301
301
301
301
301
301
301
301
301
301
301
301
301
301
301
301
301
301
301
301
301
301
301
195
301
301
301
301
301
301
301
301
301
301
301
301
301
301
301
301
301
301
301
301
301
301
301
301
26
301
301
301
301
301
301
301
301
301
301
301
301
301
301
301
301
301
301
301
301
301
301
301
301
301
301
301
301
301
301
301
301
301
301
301
301
301
301
301
301
301
301
301
301
301
301
301
301
301
301
301
301
301
301
301
301
301
125
148
301
178
301
301
301
301
301
301
301
301
301
301
301
301
301
301
301
301
301
301
50
301
301
301
301
301
301
301
301
301
301
301
301
196
301
301
301
301
301
301
301
301
301
301
301
61
301
301
152
47
137
301
132
301
43
294
59
301
301
103
301
301
103
101
109
98
301
301
106
103
49
112
113
301
98
100
247
301
184
145
301
279
301
245
60
301
161
301
115
60
24
186
178
144
286
50
301
101
278
51
225
301
241
301
52
301
56
301
301
107
301
301
301
286
117
301
301
301
117
116
50
119
121
301
301
285
163
301
301
58
301
301
301
301
56
301
52
301
112
160
301
301
301
301
301
301
301
301
301
301
301
301
301
301
301
301
301
301
301
301
301
301
301
301
160
301
301
301
301
301
301
301
301
301
301
301
301
301
301
301
301
301
301
301
301
301
301
301
43
301
24
301
301
301
301
301
301
301
301
201
301
301
301
301
301
301
301
301
301
301
301
301
301
301
301
301
301
301
301
301
301
301
301
301
301
301
301
301
301
301
301
301
301
301
301
301
301
301
301
301
301
301
301
301
301
301
301
301
301
301
301
301
301
301
301
301
301
301
301
301
301
301
301
301
301
301
301
301
301
301
301
301
301
301
301
301
301
301
301
301
301
301
301
301
301
301
301
301
301
301
301
301
301
301
301
301
301
301
301
301
301
301
301
301
301
301
301
301
301
301
301
301
301
301
301
301
301
301
301
301
301
301
301
301
301
301
301
301
301
301
301
301
301
301
301
301
301
301
301
301
301
301
301
301
301
301
301
301
301
301
301
301
301
301
301
301
301
301
301
301
301
301
301
301
301
301
301
301
301
301
301
301
301
301
301
301
301
301
301
301
301
301
301
301
301
301
301
301
301
301
25
301
301
301
301
301
301
301
301
301
301
301
301
301
301
301
301
301
301
301
301
301
301
301
301
301
301
301
301
301
301
301
301
301
301
301
301
301
301
301
301
301
301
69
301
301
301
301
43
301
24
301
301
301
301
301
301
301
301
301
301
301
301
301
301
301
301
301
301
301
301
301
301
301
38
301
301
301
301
301
301
301
246
301
301
301
269
301
301
301
301
301
301
301
301
301
301
301
43
89
24
181
301
164
301
61
301
208
158
69
301
301
301
301
301
301
57
301
301
115
301
301
301
301
115
301
301
301
301
240
72
301
301
301
301
301
301
301
301
301
301
301
301
301
301
301
301
301
43
301
301
301
301
301
301
301
301
301
301
301
301
301
301
301
301
301
301
301
301
301
301
301
301
301
40
301
301
301
301
301
301
301
301
301
301
301
301
301
301
301
301
301
301
301
301
301
301
301
301
301
301
301
301
301
301
301
301
301
301
301
301
301
301
301
244
301
247
301
301
102
301
301
200
178
97
182
301
301
301
301
283
109
115
301
301
301
301
301
301
301
301
301
301
301
301
301
214
301
236
131
171
151
275
136
289
45
301
195
137
51
230
301
256
301
45
301
59
301
301
111
301
301
98
292
123
197
301
301
111
99
46
110
112
301
194
290
271
301
301
201
301
301
301
113
42
301
50
275
43
47
26
168
183
145
229
42
301
102
149
44
239
266
149
301
41
221
48
301
301
96
266
230
97
196
99
196
301
226
227
99
42
105
96
301
200
199
157
301
301
60
301
301
301
100
42
301
52
301
101
55
39
163
301
151
301
42
301
200
159
42
243
301
242
301
41
301
47
301
301
114
301
223
99
109
40
102
301
301
100
100
46
108
105
301
207
194
152
301
301
53
301
301
301
119
62
301
53
301
226
82
152
68
279
301
301
75
301
301
301
301
301
301
301
301
301
301
301
301
301
301
301
301
301
301
301
301
301
301
301
301
301
301
301
301
301
301
301
301
301
301
301
301
301
301
301
301
301
301
301
301
301
301
301
301
301
301
301
301
301
301
301
301
301
301
301
301
301
301
301
301
301
301
301
301
301
301
301
301
301
301
301
301
301
301
301
301
301
301
301
301
301
301
301
301
301
301
301
301
301
301
301
301
301
301
301
301
301
301
301
301
301
301
301
301
301
301
301
301
301
301
301
301
301
301
301
301
301
301
301
301
301
301
301
301
301
301
301
301
301
301
301
301
301
301
301
301
301
301
301
301
301
301
301
301
301
301
301
301
301
301
301
301
301
301
301
301
301
301
301
301
301
301
301
301
301
301
301
301
301
301
301
301
301
301
301
301
301
301
301
301
301
301
301
301
301
301
301
301
301
301
301
301
301
301
301
301
301
301
301
301
301
301
301
301
301
301
301
301
301
301
301
301
301
301
301
301
301
301
301
301
301
301
301
301
301
301
301
301
301
301
301
301
301
69
301
301
301
301
43
301
25
301
301
301
301
301
301
301
301
301
301
301
301
301
301
301
301
301
301
267
301
301
301
221
301
220
301
248
121
231
58
125
301
301
113
102
283
180
195
154
228
174
301
127
46
301
47
276
43
45
24
154
283
84
301
42
301
199
157
45
241
301
236
301
44
301
46
301
301
97
301
301
204
91
100
194
301
299
98
104
45
301
301
301
301
301
279
301
301
301
301
301
301
301
71
301
60
301
107
52
119
77
301
173
301
42
301
301
301
42
301
301
301
301
47
301
48
301
301
301
301
301
301
301
301
301
301
301
301
301
301
301
301
301
301
301
301
301
301
301
301
301
301
301
301
301
301
301
301
301
301
301
301
301
301
301
301
301
301
301
301
301
301
301
301
301
301
301
301
301
301
301
301
301
301
301
301
301
301
301
301
301
301
301
301
301
301
301
301
301
301
301
301
70
301
301
301
301
47
301
27
301
301
301
301
301
301
301
301
301
301
301
301
301
301
301
301
301
301
301
301
301
301
301
38
301
301
301
301
301
301
301
301
301
301
301
301
301
301
301
301
301
301
301
301
301
301
301
301
301
301
301
301
301
301
301
301
301
301
301
301
301
301
301
301
301
301
301
301
301
301
301
301
301
301
301
301
301
301
301
301
301
301
301
301
301
301
301
301
172
301
301
301
200
85
301
84
301
218
63
24
167
301
252
301
61
301
301
301
301
301
301
301
301
301
301
301
301
301
301
301
301
301
301
301
301
301
301
301
301
301
301
301
301
301
301
301
301
301
301
301
301
301
301
301
301
301
301
301
301
27
301
301
301
301
301
301
301
301
301
301
301
301
301
301
301
301
301
301
301
301
301
301
301
301
301
301
301
301
301
301
301
301
301
301
301
301
301
301
301
301
301
301
301
301
301
301
301
301
301
301
301
301
301
301
301
301
301
301
301
301
301
301
301
301
301
301
301
301
301
301
301
301
301
301
301
301
301
301
301
301
301
301
301
301
301
301
301
301
301
301
301
301
301
301
301
301
301
301
301
301
301
301
301
301
301
301
301
301
301
301
301
301
301
301
301
301
292
301
301
301
301
301
301
301
301
301
301
301
301
301
301
301
301
301
301
301
301
301
301
301
301
301
301
259
301
301
301
301
301
301
301
301
301
301
301
301
301
301
301
301
301
301
301
301
301
301
301
301
301
301
301
301
301
301
111
301
301
301
301
301
139
120
301
91
97
151
179
191
93
212
181
301
172
41
301
47
258
102
46
133
58
176
152
207
47
301
91
151
48
135
174
136
301
42
216
50
301
230
114
263
218
92
91
118
90
301
208
93
92
45
101
106
301
88
105
138
301
189
72
232
301
301
110
41
301
50
301
43
45
24
70
178
136
219
41
300
92
135
42
138
177
137
301
44
220
48
301
301
116
301
217
90
95
40
95
301
218
92
92
43
100
105
301
92
97
134
181
184
70
218
177
301
110
41
301
50
186
43
45
24
70
178
136
219
41
300
92
135
42
138
177
137
301
44
220
48
301
301
116
301
217
90
95
40
95
301
218
92
92
43
100
105
301
92
97
134
181
184
70
218
177
301
110
41
301
50
186
43
45
24
70
178
136
219
41
300
92
135
42
138
177
137
301
44
220
48
301
301
116
301
217
90
95
40
95
301
218
92
92
43
100
105
301
92
97
134
181
184
70
218
177
301
110
41
301
50
186
43
45
24
70
178
136
219
41
300
92
135
42
138
177
137
301
44
220
48
301
301
116
301
217
90
95
40
95
301
218
92
92
43
100
105
301
92
97
134
181
184
70
218
177
301
110
41
301
50
186
43
45
24
70
178
136
219
41
300
92
135
42
138
177
137
301
44
220
48
301
301
116
301
217
90
95
40
95
301
218
92
92
43
100
105
301
92
97
134
181
184
70
218
177
301
110
41
301
50
186
43
45
24
70
178
136
219
41
300
92
135
42
138
177
137
301
44
220
48
301
301
116
301
217
90
95
40
95
301
218
92
92
43
100
105
301
92
97
134
181
184
70
218
177
301
110
41
301
50
186
43
45
24
70
178
136
219
41
300
92
135
42
138
177
137
301
44
220
48
301
301
116
301
217
90
95
40
95
301
218
92
92
43
100
105
301
92
97
134
181
184
70
218
177
301
110
41
301
50
186
43
45
24
70
178
136
219
41
300
92
135
42
138
177
137
301
44
220
48
301
301
116
301
217
90
95
40
95
301
218
92
92
43
100
105
301
92
97
134
181
184
70
218
177
301
110
41
301
50
186
43
45
24
70
178
136
219
41
300
92
135
42
138
177
137
301
44
220
48
301
301
116
301
217
90
95
40
95
301
218
92
92
43
100
105
301
92
97
134
181
184
70
218
177
301
110
41
301
50
186
43
45
24
70
178
136
219
41
300
92
135
42
138
177
137
301
44
220
48
301
301
116
301
217
90
95
40
95
301
218
92
92
43
100
105
301
92
97
134
181
184
70
218
177
301
110
41
301
50
186
43
45
24
70
178
136
219
41
300
92
135
42
138
177
137
301
44
220
48
301
301
116
301
217
90
95
40
95
301
218
92
92
43
100
105
301
92
97
134
181
184
70
218
177
301
110
41
301
50
186
43
45
24
70
178
136
219
41
300
92
135
42
138
177
137
301
44
220
48
301
301
116
301
217
90
95
40
95
301
218
92
92
43
100
105
301
92
97
134
181
184
70
218
177
301
110
41
301
50
186
43
45
24
70
178
136
219
41
300
92
135
42
138
177
137
301
44
220
48
301
301
116
301
217
90
95
40
95
301
218
92
92
43
100
105
301
92
97
134
181
184
70
218
177
301
110
41
301
50
186
43
45
24
70
178
136
219
41
300
92
135
42
138
177
137
301
44
220
48
301
301
116
301
217
90
95
40
95
301
218
92
92
43
100
105
301
92
97
134
181
184
70
218
177
301
110
41
301
50
186
43
45
24
70
178
136
219
41
300
92
135
42
138
177
137
301
44
220
48
301
301
116
301
217
90
95
40
95
301
218
92
92
43
100
105
301
92
97
134
181
184
70
218
177
301
110
41
301
50
186
43
45
24
70
178
136
219
41
300
92
135
42
138
177
137
301
44
220
48
301
301
116
301
217
90
95
40
95
301
218
92
92
43
100
105
301
92
97
134
181
184
70
218
177
301
110
41
301
50
186
43
45
24
70
178
136
219
41
300
92
135
42
138
177
137
301
44
220
48
301
301
116
301
217
90
95
40
95
301
218
92
92
43
100
105
301
92
97
134
181
184
70
218
177
301
110
41
301
50
186
43
45
24
70
178
136
219
41
300
92
135
42
138
177
137
301
44
220
48
301
301
116
301
217
90
95
40
95
301
218
92
92
43
100
105
301
92
97
134
181
184
70
218
177
301
110
41
301
50
186
43
45
24
70
178
136
219
41
300
92
135
42
138
177
137
301
44
220
48
301
301
116
301
217
90
95
40
95
301
218
92
92
43
100
105
301
92
97
134
181
184
70
218
177
301
110
41
301
50
186
43
45
24
70
178
136
219
41
300
92
135
42
138
177
137
301
44
220
48
301
301
116
301
217
90
95
40
95
301
218
92
92
43
100
105
301
92
97
134
181
184
70
218
177
301
110
41
301
50
186
43
45
24
