24
21
29
31
25
41
29
31
36
22
42
29
37
33
24
26
32
24
29
25
27
32
28
41
33
35
28
37
40
30
29
25
23
44
31
38
29
36
34
38
30
41
29
38
38
27
35
22
36
29
29
25
48
42
26
42
33
23
31
20
28
42
29
41
43
32
28
38
34
27
36
34
26
42
19
28
41
23
44
29
28
20
26
34
38
26
30
38
28
29
34
59
33
51
23
37
32
37
33
34
32
26
29
23
37
30
26
29
53
34
24
31
27
34
34
33
30
26
37
32
29
25
40
37
37
28
25
43
43
30
31
23
36
23
30
33
29
34
32
25
26
26
32
34
31
25
34
28
27
21
35
49
25
29
43
33
25
30
24
27
28
23
27
27
38
25
47
29
31
43
41
42
35
26
26
30
38
26
29
30
36
46
26
23
28
25
25
29
35
30
33
19
28
20
29
27
26
31
39
28
34
22
32
32
30
39
47
40
38
29
32
30
35
24
38
24
24
46
29
37
52
28
25
24
32
37
31
33
32
46
47
35
22
24
28
28
39
25
31
35
34
33
28
58
27
32
31
27
31
28
28
53
29
28
52
30
29
31
22
23
29
30
30
34
44
42
30
29
37
32
39
32
34
33
32
32
37
26
22
35
30
24
44
36
27
43
23
36
22
31
41
35
53
30
28
34
26
35
38
28
27
28
23
33
39
38
35
41
23
39
32
33
34
27
30
32
25
38
23
30
38
23
53
47
44
35
35
24
31
31
44
39
29
56
43
32
48
29
43
27
23
29
22
29
28
22
28
28
31
27
32
34
37
32
29
34
31
33
37
25
36
25
36
38
26
23
28
34
32
28
35
79
33
42
27
31
36
37
27
34
30
26
26
37
22
24
31
23
23
52
34
20
38
20
28
28
32
31
30
31
28
29
23
42
40
43
23
31
43
28
27
22
25
30
32
41
37
28
28
27
32
44
39
21
33
39
30
33
37
36
43
40
29
25
41
36
29
22
26
27
42
31
21
29
27
39
38
41
52
24
39
29
43
31
37
29
31
32
34
36
29
32
31
40
37
33
41
24
39
36
20
33
42
32
38
25
22
38
37
26
38
32
33
27
54
27
81
24
27
26
37
32
28
41
27
33
33
32
37
40
31
28
40
52
45
28
29
21
27
23
32
34
35
20
36
36
23
31
35
22
27
53
28
27
28
34
19
25
26
28
21
32
26
25
25
29
40
31
31
27
32
31
31
27
40
30
27
40
29
26
21
24
31
28
55
33
29
34
36
27
54
24
34
35
30
41
31
26
34
27
23
32
36
28
35
46
34
32
20
38
35
24
26
35
31
26
27
28
42
24
49
24
28
29
38
23
24
41
27
30
28
32
71
22
30
31
39
28
32
39
28
30
34
48
41
38
30
41
32
28
32
31
32
26
34
28
41
27
27
39
24
36
26
25
38
26
31
38
35
20
37
27
29
33
26
27
32
31
47
39
25
36
24
29
42
28
30
34
28
33
21
32
46
29
46
34
38
24
28
28
41
35
36
37
26
39
26
25
36
37
36
53
27
31
29
30
30
41
38
44
23
25
42
35
27
35
26
45
24
30
28
28
28
33
42
33
28
39
31
36
36
41
46
33
20
27
23
30
31
38
30
30
31
32
33
29
24
27
34
37
31
26
32
30
34
30
38
33
33
32
44
34
26
30
22
36
30
32
26
25
27
23
27
31
34
33
26
25
31
44
32
29
28
28
27
24
47
31
38
31
24
30
34
29
27
30
30
34
25
25
37
36
26
26
32
31
28
38
23
31
36
35
29
27
21
33
28
37
30
30
36
27
27
31
42
37
34
31
52
31
28
38
30
40
34
24
28
24
64
26
31
27
29
30
24
22
27
42
35
30
32
30
31
34
24
28
31
47
20
29
40
30
33
28
30
42
27
26
42
28
32
35
34
38
25
35
23
24
22
35
23
31
32
27
30
24
26
38
36
33
32
41
37
41
30
35
24
29
31
25
26
37
37
40
40
31
26
28
31
24
31
34
42
28
38
28
26
34
27
32
31
38
28
27
27
27
29
31
56
31
33
32
25
34
28
28
26
27
37
25
24
41
41
30
43
29
35
38
27
51
37
24
27
31
27
26
45
57
24
23
29
31
25
24
40
35
26
26
24
40
27
30
29
40
43
26
35
25
45
32
30
36
40
39
28
30
25
32
32
33
24
29
20
26
33
27
45
34
29
31
25
33
27
26
37
18
28
38
36
35
35
33
32
27
34
25
22
36
29
43
