0.0 -0.5500000 0.87000000
0.1 -0.5700000 0.77000000
0.2 -0.7900000 0.63000000
0.3 -0.6300000 0.79000000
0.4 -0.5900000 0.77000000
0.5 -0.7100000 0.71000000
0.6 -0.6700000 0.71000000
0.7 -0.5900000 0.91000000
0.8 -0.6900000 0.93000000
0.9 -0.0900000 0.93000000
1.0 0.57000000 0.99000000
0 -0.5350000 0.83700000 23.25 91.85
0.1 -0.6470000 0.80900000 17.65 90.45
0.2 -0.7830000 0.76300000 10.85 88.15
0.3 -0.6510000 0.80300000 17.45 90.15
0.4 -0.5910000 0.81500000 20.45 90.75
0.5 -0.7210000 0.79900000 13.95 89.95
0.6 -0.6730000 0.80500000 16.35 90.25
0.7 -0.6790000 0.82700000 16.05 91.35
0.8 -0.7030000 0.85300000 14.85 92.65
0.9 -0.1990000 0.98500000 40.05 99.25
1 0.41900000 0.99500000 70.95 99.75
