0.0 0.25000000 0.99000000
0.1 0.47000000 0.97000000
0.2 0.39000000 0.99000000
0.3 0.29000000 0.99000000
0.4 0.57000000 0.99000000
0.5 0.47000000 0.97000000
0.6 0.23000000 0.97000000
0.7 0.27000000 0.99000000
0.8 0.27000000 0.99000000
0.9 0.21000000 0.99000000
0 0.36900000 0.99100000 68.45 99.55
0.1 0.31900000 0.98900000 65.95 99.45
0.2 0.26900000 0.98900000 63.45 99.45
0.3 0.34900000 0.99300000 67.45 99.65
0.4 0.41900000 0.99500000 70.95 99.75
0.5 0.38500000 0.98900000 69.25 99.45
0.6 0.32300000 0.99300000 66.15 99.65
0.7 0.41500000 0.99500000 70.75 99.75
0.8 0.23100000 0.99500000 61.55 99.75
0.9 0.08700000 0.99500000 54.35 99.75
