10 -0.9100000 -0.0300000
20 0.09000000 0.99000000
50 0.57000000 0.99000000
60 0.11000000 0.97000000
70 0.29000000 0.99000000
80 0.41000000 0.99000000
10 -0.9100000 -0.0300000
20 0.09000000 0.99000000
40 0.37000000 0.99000000
50 0.57000000 0.99000000
60 0.11000000 0.97000000
70 0.29000000 0.99000000
80 0.41000000 0.99000000
10 -0.9130000 -0.0870000 4.35 45.65
20 0.10300000 0.98700000 55.15 99.35
40 0.40300000 0.99700000 70.15 99.85
50 0.41900000 0.99500000 70.95 99.75
60 0.17300000 0.99500000 58.65 99.75
70 0.39900000 0.99500000 69.95 99.75
80 0.29300000 0.99100000 64.65 99.55
