0.0 0.27000000 0.99000000
0.1 0.35000000 0.99000000
0.2 0.27000000 0.99000000
0.3 0.31000000 0.97000000
0.4 0.57000000 0.99000000
0.5 0.31000000 0.99000000
0.6 0.31000000 0.99000000
0.7 0.35000000 0.97000000
0.8 0.35000000 0.99000000
0.9 0.19000000 0.99000000
1.0 0.19000000 0.99000000
0 0.28900000 0.99100000 64.45 99.55
0.1 0.31500000 0.99300000 65.75 99.65
0.2 0.33500000 0.99300000 66.75 99.65
0.3 0.28900000 0.99100000 64.45 99.55
0.4 0.41900000 0.99500000 70.95 99.75
0.5 0.38500000 0.99300000 69.25 99.65
0.6 0.33700000 0.99700000 66.85 99.85
0.7 0.32500000 0.99300000 66.25 99.65
0.8 0.35300000 0.99700000 67.65 99.85
0.9 0.36300000 0.99900000 68.15 99.95
1 0.32700000 0.98300000 66.35 99.15
