hi
settings timebank 10000
settings time_per_move 500
settings player_names player1,player2
settings your_bot player2
settings field_width 10
settings field_height 20
update game round 1
update game this_piece_type O
update game next_piece_type J
update game this_piece_position 4,-1
update player2 row_points 0
update player2 combo 0
update player2 skips 0
update player2 field 0,0,0,0,1,1,0,0,0,0;0,0,0,0,0,0,0,0,0,0;0,0,0,0,0,0,0,0,0,0;0,0,0,0,0,0,0,0,0,0;0,0,0,0,0,0,0,0,0,0;0,0,0,0,0,0,0,0,0,0;0,0,0,0,0,0,0,0,0,0;0,0,0,0,0,0,0,0,0,0;0,0,0,0,0,0,0,0,0,0;0,0,0,0,0,0,0,0,0,0;0,0,0,0,0,0,0,0,0,0;0,0,0,0,0,0,0,0,0,0;0,0,0,0,0,0,0,0,0,0;0,0,0,0,0,0,0,0,0,0;0,0,0,0,0,0,0,0,0,0;0,0,0,0,0,0,0,0,0,0;0,0,0,0,0,0,0,0,0,0;0,0,0,0,0,0,0,0,0,0;0,0,0,0,0,0,0,0,0,0;0,0,0,0,0,0,0,0,0,0
update player1 field 0,0,0,0,1,1,0,0,0,0;0,0,0,0,0,0,0,0,0,0;0,0,0,0,0,0,0,0,0,0;0,0,0,0,0,0,0,0,0,0;0,0,0,0,0,0,0,0,0,0;0,0,0,0,0,0,0,0,0,0;0,0,0,0,0,0,0,0,0,0;0,0,0,0,0,0,0,0,0,0;0,0,0,0,0,0,0,0,0,0;0,0,0,0,0,0,0,0,0,0;0,0,0,0,0,0,0,0,0,0;0,0,0,0,0,0,0,0,0,0;0,0,0,0,0,0,0,0,0,0;0,0,0,0,0,0,0,0,0,0;0,0,0,0,0,0,0,0,0,0;0,0,0,0,0,0,0,0,0,0;0,0,0,0,0,0,0,0,0,0;0,0,0,0,0,0,0,0,0,0;0,0,0,0,0,0,0,0,0,0;0,0,0,0,0,0,0,0,0,0
update player1 row_points 0
update player1 combo 0
update player1 skips 0
action moves 10000
moves: left,left,left,left,turnright,drop
update game round 2
update game this_piece_type J
update game next_piece_type I
update game this_piece_position 3,-1
update player2 row_points 0
update player2 combo 0
update player2 skips 0
update player2 field 0,0,0,1,1,1,0,0,0,0;0,0,0,0,0,0,0,0,0,0;0,0,0,0,0,0,0,0,0,0;0,0,0,0,0,0,0,0,0,0;0,0,0,0,0,0,0,0,0,0;0,0,0,0,0,0,0,0,0,0;0,0,0,0,0,0,0,0,0,0;0,0,0,0,0,0,0,0,0,0;0,0,0,0,0,0,0,0,0,0;0,0,0,0,0,0,0,0,0,0;0,0,0,0,0,0,0,0,0,0;0,0,0,0,0,0,0,0,0,0;0,0,0,0,0,0,0,0,0,0;0,0,0,0,0,0,0,0,0,0;0,0,0,0,0,0,0,0,0,0;0,0,0,0,0,0,0,0,0,0;0,0,0,0,0,0,0,0,0,0;0,0,0,0,0,0,0,0,0,0;2,2,0,0,0,0,0,0,0,0;2,2,0,0,0,0,0,0,0,0
update player1 field 0,0,0,1,1,1,0,0,0,0;0,0,0,0,0,0,0,0,0,0;0,0,0,0,0,0,0,0,0,0;0,0,0,0,0,0,0,0,0,0;0,0,0,0,0,0,0,0,0,0;0,0,0,0,0,0,0,0,0,0;0,0,0,0,0,0,0,0,0,0;0,0,0,0,0,0,0,0,0,0;0,0,0,0,0,0,0,0,0,0;0,0,0,0,0,0,0,0,0,0;0,0,0,0,0,0,0,0,0,0;0,0,0,0,0,0,0,0,0,0;0,0,0,0,0,0,0,0,0,0;0,0,0,0,0,0,0,0,0,0;0,0,0,0,0,0,0,0,0,0;0,0,0,0,0,0,0,0,0,0;0,0,0,0,0,0,0,0,0,0;0,0,0,0,0,0,0,0,0,0;0,0,0,0,0,0,0,0,2,2;0,0,0,0,0,0,0,0,2,2
update player1 row_points 0
update player1 combo 0
update player1 skips 0
action moves 9896
moves: right,right,turnleft,drop
update game round 3
update game this_piece_type I
update game next_piece_type J
update game this_piece_position 3,-1
update player2 row_points 0
update player2 combo 0
update player2 skips 0
update player2 field 0,0,0,1,1,1,1,0,0,0;0,0,0,0,0,0,0,0,0,0;0,0,0,0,0,0,0,0,0,0;0,0,0,0,0,0,0,0,0,0;0,0,0,0,0,0,0,0,0,0;0,0,0,0,0,0,0,0,0,0;0,0,0,0,0,0,0,0,0,0;0,0,0,0,0,0,0,0,0,0;0,0,0,0,0,0,0,0,0,0;0,0,0,0,0,0,0,0,0,0;0,0,0,0,0,0,0,0,0,0;0,0,0,0,0,0,0,0,0,0;0,0,0,0,0,0,0,0,0,0;0,0,0,0,0,0,0,0,0,0;0,0,0,0,0,0,0,0,0,0;0,0,0,0,0,0,0,0,0,0;0,0,0,0,0,0,0,0,0,0;0,0,0,0,0,0,2,0,0,0;2,2,0,0,0,0,2,0,0,0;2,2,0,0,0,2,2,0,0,0
update player1 field 0,0,0,1,1,1,1,0,0,0;0,0,0,0,0,0,0,0,0,0;0,0,0,0,0,0,0,0,0,0;0,0,0,0,0,0,0,0,0,0;0,0,0,0,0,0,0,0,0,0;0,0,0,0,0,0,0,0,0,0;0,0,0,0,0,0,0,0,0,0;0,0,0,0,0,0,0,0,0,0;0,0,0,0,0,0,0,0,0,0;0,0,0,0,0,0,0,0,0,0;0,0,0,0,0,0,0,0,0,0;0,0,0,0,0,0,0,0,0,0;0,0,0,0,0,0,0,0,0,0;0,0,0,0,0,0,0,0,0,0;0,0,0,0,0,0,0,0,0,0;0,0,0,0,0,0,0,0,2,2;0,0,0,0,0,0,0,0,2,0;0,0,0,0,0,0,0,0,2,0;0,0,0,0,0,0,0,0,2,2;0,0,0,0,0,0,0,0,2,2
update player1 row_points 0
update player1 combo 0
update player1 skips 0
action moves 9789
moves: left,left,right,drop
update game round 4
update game this_piece_type J
update game next_piece_type T
update game this_piece_position 3,-1
update player2 row_points 0
update player2 combo 0
update player2 skips 0
update player2 field 0,0,0,1,1,1,0,0,0,0;0,0,0,0,0,0,0,0,0,0;0,0,0,0,0,0,0,0,0,0;0,0,0,0,0,0,0,0,0,0;0,0,0,0,0,0,0,0,0,0;0,0,0,0,0,0,0,0,0,0;0,0,0,0,0,0,0,0,0,0;0,0,0,0,0,0,0,0,0,0;0,0,0,0,0,0,0,0,0,0;0,0,0,0,0,0,0,0,0,0;0,0,0,0,0,0,0,0,0,0;0,0,0,0,0,0,0,0,0,0;0,0,0,0,0,0,0,0,0,0;0,0,0,0,0,0,0,0,0,0;0,0,0,0,0,0,0,0,0,0;0,0,0,0,0,0,0,0,0,0;0,0,0,0,0,0,0,0,0,0;0,0,0,0,0,0,2,0,0,0;2,2,2,2,2,2,2,0,0,0;2,2,0,0,0,2,2,0,0,0
update player1 field 0,0,0,1,1,1,0,0,0,0;0,0,0,0,0,0,0,0,0,0;0,0,0,0,0,0,0,0,0,0;0,0,0,0,0,0,0,0,0,0;0,0,0,0,0,0,0,0,0,0;0,0,0,0,0,0,0,0,0,0;0,0,0,0,0,0,0,0,0,0;0,0,0,0,0,0,0,0,0,0;0,0,0,0,0,0,0,0,0,0;0,0,0,0,0,0,0,0,0,0;0,0,0,0,0,0,0,0,0,0;0,0,0,0,0,0,0,0,0,0;0,0,0,0,0,0,0,0,0,0;0,0,0,0,0,0,0,0,0,0;0,0,0,0,0,0,0,0,0,0;0,0,0,0,0,0,0,0,2,2;0,0,0,0,0,0,0,0,2,0;0,0,0,0,0,0,0,0,2,0;0,0,0,0,0,0,0,0,2,2;2,2,2,2,0,0,0,0,2,2
update player1 row_points 0
update player1 combo 0
update player1 skips 0
action moves 9682
moves: right,right,right,turnright,left,drop
update game round 5
update game this_piece_type T
update game next_piece_type I
update game this_piece_position 3,-1
update player2 row_points 0
update player2 combo 0
update player2 skips 0
update player2 field 0,0,0,1,1,1,0,0,0,0;0,0,0,0,0,0,0,0,0,0;0,0,0,0,0,0,0,0,0,0;0,0,0,0,0,0,0,0,0,0;0,0,0,0,0,0,0,0,0,0;0,0,0,0,0,0,0,0,0,0;0,0,0,0,0,0,0,0,0,0;0,0,0,0,0,0,0,0,0,0;0,0,0,0,0,0,0,0,0,0;0,0,0,0,0,0,0,0,0,0;0,0,0,0,0,0,0,0,0,0;0,0,0,0,0,0,0,0,0,0;0,0,0,0,0,0,0,0,0,0;0,0,0,0,0,0,0,0,0,0;0,0,0,0,0,0,2,2,0,0;0,0,0,0,0,0,2,0,0,0;0,0,0,0,0,0,2,0,0,0;0,0,0,0,0,0,2,0,0,0;2,2,2,2,2,2,2,0,0,0;2,2,0,0,0,2,2,0,0,0
update player1 field 0,0,0,1,1,1,0,0,0,0;0,0,0,0,0,0,0,0,0,0;0,0,0,0,0,0,0,0,0,0;0,0,0,0,0,0,0,0,0,0;0,0,0,0,0,0,0,0,0,0;0,0,0,0,0,0,0,0,0,0;0,0,0,0,0,0,0,0,0,0;0,0,0,0,0,0,0,0,0,0;0,0,0,0,0,0,0,0,0,0;0,0,0,0,0,0,0,0,0,0;0,0,0,0,0,0,0,0,0,0;0,0,0,0,0,0,0,0,0,0;0,0,0,0,0,0,0,0,0,0;0,0,0,0,0,0,0,0,0,0;0,0,0,0,0,0,0,0,0,0;0,0,0,0,0,0,0,0,2,2;0,0,0,0,0,0,0,0,2,0;2,0,0,0,0,0,0,0,2,0;2,2,2,0,0,0,0,0,2,2;2,2,2,2,0,0,0,0,2,2
update player1 row_points 0
update player1 combo 0
update player1 skips 0
action moves 9575
update game round 6
update game this_piece_type I
update game next_piece_type L
update game this_piece_position 3,-1
update player2 row_points 0
update player2 combo 0
update player2 skips 0
update player2 field 0,0,0,1,1,1,1,0,0,0;0,0,0,0,0,0,0,0,0,0;0,0,0,0,0,0,0,0,0,0;0,0,0,0,0,0,0,0,0,0;0,0,0,0,0,0,0,0,0,0;0,0,0,0,0,0,0,0,0,0;0,0,0,0,0,0,0,0,0,0;0,0,0,0,0,0,0,0,0,0;0,0,0,0,0,0,0,0,0,0;0,0,0,0,0,0,0,0,0,0;0,0,0,0,0,0,0,0,0,0;0,0,0,0,0,0,0,0,0,0;0,0,0,0,0,0,0,0,0,0;0,0,0,0,0,0,0,0,0,0;0,0,0,0,0,0,2,2,0,0;0,0,0,0,0,0,2,0,0,0;0,0,0,0,2,0,2,0,0,0;0,0,0,2,2,2,2,0,0,0;2,2,2,2,2,2,2,0,0,0;2,2,0,0,0,2,2,0,0,0
update player1 field 0,0,0,1,1,1,1,0,0,0;0,0,0,0,0,0,0,0,0,0;0,0,0,0,0,0,0,0,0,0;0,0,0,0,0,0,0,0,0,0;0,0,0,0,0,0,0,0,0,0;0,0,0,0,0,0,0,0,0,0;0,0,0,0,0,0,0,0,0,0;0,0,0,0,0,0,0,0,0,0;0,0,0,0,0,0,0,0,0,0;0,0,0,0,0,0,0,0,0,0;0,0,0,0,0,0,0,0,0,0;0,0,0,0,0,0,0,0,0,0;0,0,0,0,0,0,0,0,0,0;0,0,0,0,0,0,0,0,0,0;0,0,0,0,0,0,0,0,0,0;0,0,0,0,0,0,0,0,2,2;0,0,0,0,0,0,0,0,2,0;2,0,0,0,2,0,0,0,2,0;2,2,2,2,2,2,0,0,2,2;2,2,2,2,0,0,0,0,2,2
update player1 row_points 0
update player1 combo 0
update player1 skips 0
action moves 500
update game round 7
update game this_piece_type L
update game next_piece_type O
update game this_piece_position 3,-1
update player2 row_points 0
update player2 combo 0
update player2 skips 0
update player2 field 0,0,0,1,1,1,0,0,0,0;0,0,0,0,0,0,0,0,0,0;0,0,0,0,0,0,0,0,0,0;0,0,0,0,0,0,0,0,0,0;0,0,0,0,0,0,0,0,0,0;0,0,0,0,0,0,0,0,0,0;0,0,0,0,0,0,0,0,0,0;0,0,0,0,0,0,0,0,0,0;0,0,0,0,0,0,0,0,0,0;0,0,0,0,0,0,0,0,0,0;0,0,0,0,0,0,0,0,0,0;0,0,0,0,0,0,0,0,0,0;0,0,0,0,0,0,0,0,0,0;0,0,0,2,2,2,2,0,0,0;0,0,0,0,0,0,2,2,0,0;0,0,0,0,0,0,2,0,0,0;0,0,0,0,2,0,2,0,0,0;0,0,0,2,2,2,2,0,0,0;2,2,2,2,2,2,2,0,0,0;2,2,0,0,0,2,2,0,0,0
update player1 field 0,0,0,1,1,1,0,0,0,0;0,0,0,0,0,0,0,0,0,0;0,0,0,0,0,0,0,0,0,0;0,0,0,0,0,0,0,0,0,0;0,0,0,0,0,0,0,0,0,0;0,0,0,0,0,0,0,0,0,0;0,0,0,0,0,0,0,0,0,0;0,0,0,0,0,0,0,0,0,0;0,0,0,0,0,0,0,0,0,0;0,0,0,0,0,0,0,0,0,0;0,0,0,0,0,0,0,0,0,0;0,0,0,0,0,0,0,0,0,0;0,0,0,0,0,0,0,0,0,0;0,0,0,0,0,0,0,0,0,0;0,0,0,0,0,0,0,0,0,0;0,0,0,0,0,0,0,0,2,2;0,0,0,2,2,2,2,0,2,0;2,0,0,0,2,0,0,0,2,0;2,2,2,2,2,2,0,0,2,2;2,2,2,2,0,0,0,0,2,2
update player1 row_points 0
update player1 combo 0
update player1 skips 0
action moves 500
