
0.000000 296.5820164033 -1.0000000000 -296.5820164033 -2965227.000000 -296.5820164033 296.5820164033 -1.0000000000 -300.0000000000 300.0000000000 -1.0000000000
0.100000 253.5619123825 -1.0000000000 -253.5619123825 -2535112.000000 -253.5619123825 253.5619123825 -1.0000000000 -277.9800000000 277.9800000000 -1.0000000000
0.200000 255.4886977395 -1.0000000000 -255.4886977395 -2554376.000000 -255.4886977395 255.4886977395 -1.0000000000 -300.0000000000 300.0000000000 -1.0000000000
0.300000 273.8828765753 -1.0000000000 -273.8828765753 -2738281.000000 -273.8828765753 273.8828765753 -1.0000000000 -273.5000000000 273.5000000000 -1.0000000000
0.400000 270.5341068214 -1.0000000000 -270.5341068214 -2704800.000000 -270.5341068214 270.5341068214 -1.0000000000 -118.7400000000 118.7400000000 -1.0000000000
0.500000 250.9768953791 -1.0000000000 -250.9768953791 -2509267.000000 -250.9768953791 250.9768953791 -1.0000000000 -156.6000000000 156.6000000000 -1.0000000000
0.600000 263.1054210842 -1.0000000000 -263.1054210842 -2630528.000000 -263.1054210842 263.1054210842 -1.0000000000 -233.4600000000 233.4600000000 -1.0000000000
0.700000 276.0914182837 -1.0000000000 -276.0914182837 -2760362.000000 -276.0914182837 276.0914182837 -1.0000000000 -279.4000000000 279.4000000000 -1.0000000000
0.800000 243.8097619524 -1.0000000000 -243.8097619524 -2437610.000000 -243.8097619524 243.8097619524 -1.0000000000 -161.7600000000 161.7600000000 -1.0000000000
0.900000 250.0972194439 -1.0000000000 -250.0972194439 -2500472.000000 -250.0972194439 250.0972194439 -1.0000000000 -136.1000000000 136.1000000000 -1.0000000000
1.000000 244.1272254451 -1.0000000000 -244.1272254451 -2440784.000000 -244.1272254451 244.1272254451 -1.0000000000 -217.5200000000 217.5200000000 -1.0000000000
