
0.000000 259.1107221444 -1.0000000000 -259.1107221444 -2590589.000000 -259.1107221444 259.1107221444 -1.0000000000 -246.4200000000 246.4200000000 -1.0000000000
0.100000 227.6051210242 -1.0000000000 -227.6051210242 -2275596.000000 -227.6051210242 227.6051210242 -1.0000000000 -150.2400000000 150.2400000000 -1.0000000000
0.200000 259.3459691938 -1.0000000000 -259.3459691938 -2592941.000000 -259.3459691938 259.3459691938 -1.0000000000 -294.9800000000 294.9800000000 -1.0000000000
0.300000 283.2079415883 -1.0000000000 -283.2079415883 -2831513.000000 -283.2079415883 283.2079415883 -1.0000000000 -300.0000000000 300.0000000000 -1.0000000000
0.400000 275.4031806361 -1.0000000000 -275.4031806361 -2753481.000000 -275.4031806361 275.4031806361 -1.0000000000 -300.0000000000 300.0000000000 -1.0000000000
0.500000 282.6751350270 -1.0000000000 -282.6751350270 -2826186.000000 -282.6751350270 282.6751350270 -1.0000000000 -279.5800000000 279.5800000000 -1.0000000000
0.600000 270.5341068214 -1.0000000000 -270.5341068214 -2704800.000000 -270.5341068214 270.5341068214 -1.0000000000 -118.7400000000 118.7400000000 -1.0000000000
0.700000 272.3130626125 -1.0000000000 -272.3130626125 -2722586.000000 -272.3130626125 272.3130626125 -1.0000000000 -254.1400000000 254.1400000000 -1.0000000000
0.800000 280.5052010402 -1.0000000000 -280.5052010402 -2804491.000000 -280.5052010402 280.5052010402 -1.0000000000 -300.0000000000 300.0000000000 -1.0000000000
0.900000 298.7592518504 -1.0000000000 -298.7592518504 -2986995.000000 -298.7592518504 298.7592518504 -1.0000000000 -300.0000000000 300.0000000000 -1.0000000000