
0.000000 291.2380476095 -1.0000000000 -291.2380476095 -2911798.000000 -291.2380476095 291.2380476095 -1.0000000000 -300.0000000000 300.0000000000 -1.0000000000
0.100000 279.8404680936 -1.0000000000 -279.8404680936 -2797845.000000 -279.8404680936 279.8404680936 -1.0000000000 -300.0000000000 300.0000000000 -1.0000000000
0.200000 216.1111222244 -1.0000000000 -216.1111222244 -2160679.000000 -216.1111222244 216.1111222244 -1.0000000000 -300.0000000000 300.0000000000 -1.0000000000
0.300000 285.8229645929 -1.0000000000 -285.8229645929 -2857658.000000 -285.8229645929 285.8229645929 -1.0000000000 -231.9000000000 231.9000000000 -1.0000000000
0.400000 283.8683736747 -1.0000000000 -283.8683736747 -2838116.000000 -283.8683736747 283.8683736747 -1.0000000000 -300.0000000000 300.0000000000 -1.0000000000
0.500000 210.1303260652 -1.0000000000 -210.1303260652 -2100883.000000 -210.1303260652 210.1303260652 -1.0000000000 -181.9400000000 181.9400000000 -1.0000000000
0.600000 270.5341068214 -1.0000000000 -270.5341068214 -2704800.000000 -270.5341068214 270.5341068214 -1.0000000000 -118.7400000000 118.7400000000 -1.0000000000
0.700000 279.6938387678 -1.0000000000 -279.6938387678 -2796379.000000 -279.6938387678 279.6938387678 -1.0000000000 -300.0000000000 300.0000000000 -1.0000000000
0.800000 262.6537307461 -1.0000000000 -262.6537307461 -2626012.000000 -262.6537307461 262.6537307461 -1.0000000000 -300.0000000000 300.0000000000 -1.0000000000
0.900000 285.7726545309 -1.0000000000 -285.7726545309 -2857155.000000 -285.7726545309 285.7726545309 -1.0000000000 -300.0000000000 300.0000000000 -1.0000000000
1.000000 287.3947789558 -1.0000000000 -287.3947789558 -2873373.000000 -287.3947789558 287.3947789558 -1.0000000000 -300.0000000000 300.0000000000 -1.0000000000
