
0.000000 214.2804560912 -1.0000000000 -214.2804560912 -2142376.000000 -214.2804560912 214.2804560912 -1.0000000000 -300.0000000000 300.0000000000 -1.0000000000
0.100000 261.6096219244 -1.0000000000 -261.6096219244 -2615573.000000 -261.6096219244 261.6096219244 -1.0000000000 -229.7200000000 229.7200000000 -1.0000000000
0.200000 259.4253850770 -1.0000000000 -259.4253850770 -2593735.000000 -259.4253850770 259.4253850770 -1.0000000000 -211.8400000000 211.8400000000 -1.0000000000
0.300000 258.8503700740 -1.0000000000 -258.8503700740 -2587986.000000 -258.8503700740 258.8503700740 -1.0000000000 -270.4400000000 270.4400000000 -1.0000000000
0.400000 275.3704740948 -1.0000000000 -275.3704740948 -2753154.000000 -275.3704740948 275.3704740948 -1.0000000000 -186.5600000000 186.5600000000 -1.0000000000
0.500000 274.2457491498 -1.0000000000 -274.2457491498 -2741909.000000 -274.2457491498 274.2457491498 -1.0000000000 -300.0000000000 300.0000000000 -1.0000000000
0.600000 289.7874574915 -1.0000000000 -289.7874574915 -2897295.000000 -289.7874574915 289.7874574915 -1.0000000000 -300.0000000000 300.0000000000 -1.0000000000
0.700000 286.6375275055 -1.0000000000 -286.6375275055 -2865802.000000 -286.6375275055 286.6375275055 -1.0000000000 -300.0000000000 300.0000000000 -1.0000000000
0.800000 228.5698139628 -1.0000000000 -228.5698139628 -2285241.000000 -228.5698139628 228.5698139628 -1.0000000000 -300.0000000000 300.0000000000 -1.0000000000
0.900000 283.8803827751 -1.0000000000 -283.8803827751 -2788557.000000 -283.8803827751 283.8803827751 -1.0000000000 -300.0000000000 300.0000000000 -1.0000000000
1.000000 272.7450600542 -1.0000000000 -272.7450600542 -2111865.000000 -272.7450600542 272.7450600542 -1.0000000000 -292.9800000000 292.9800000000 -1.0000000000