
0.000000 297.3349669934 -1.0000000000 -297.3349669934 -2972755.000000 -297.3349669934 297.3349669934 -1.0000000000 -300.0000000000 300.0000000000 -1.0000000000
0.100000 260.1562312462 -1.0000000000 -260.1562312462 -2601042.000000 -260.1562312462 260.1562312462 -1.0000000000 -170.1600000000 170.1600000000 -1.0000000000
0.200000 266.5644128826 -1.0000000000 -266.5644128826 -2665111.000000 -266.5644128826 266.5644128826 -1.0000000000 -261.5200000000 261.5200000000 -1.0000000000
0.300000 295.0044008802 -1.0000000000 -295.0044008802 -2949454.000000 -295.0044008802 295.0044008802 -1.0000000000 -300.0000000000 300.0000000000 -1.0000000000
0.400000 289.7874574915 -1.0000000000 -289.7874574915 -2897295.000000 -289.7874574915 289.7874574915 -1.0000000000 -300.0000000000 300.0000000000 -1.0000000000
0.500000 295.7293458692 -1.0000000000 -295.7293458692 -2956702.000000 -295.7293458692 295.7293458692 -1.0000000000 -300.0000000000 300.0000000000 -1.0000000000
0.600000 256.4758951790 -1.0000000000 -256.4758951790 -2564246.000000 -256.4758951790 256.4758951790 -1.0000000000 -298.2600000000 298.2600000000 -1.0000000000
0.700000 270.8242648530 -1.0000000000 -270.8242648530 -2707701.000000 -270.8242648530 270.8242648530 -1.0000000000 -191.9000000000 191.9000000000 -1.0000000000
0.800000 288.8248777506 -1.0000000000 -288.8248777506 -2835105.000000 -288.8248777506 288.8248777506 -1.0000000000 -300.0000000000 300.0000000000 -1.0000000000
0.900000 287.0140028006 -1.0000000000 -287.0140028006 -2869566.000000 -287.0140028006 287.0140028006 -1.0000000000 -300.0000000000 300.0000000000 -1.0000000000
1.000000 283.6410282056 -1.0000000000 -283.6410282056 -2835843.000000 -283.6410282056 283.6410282056 -1.0000000000 -300.0000000000 300.0000000000 -1.0000000000