0.000000 -943.6880376075 43.598520
0.000000 -912.0125025005 55.564513
0.000000 -919.0400080016 56.081116
0.000000 -888.2885577115 64.387177
0.000000 -911.7235447089 58.236047
0.000000 -911.0877175435 58.082116
0.000000 -955.7890578116 38.961892
0.000000 -927.1286257251 52.394779
0.000000 -920.0864172835 54.810562
0.000000 -925.2135427085 54.619524
0.100000 -916.6041208242 56.300460
0.100000 -939.7570514103 48.592318
0.100000 -891.0274054811 61.968094
0.100000 -919.8100620124 55.316363
0.100000 -903.2658531706 59.704141
0.100000 -916.5819163833 57.025405
0.100000 -931.9245849170 51.877175
0.100000 -947.5562112422 41.923485
0.100000 -904.5437087417 59.694039
0.100000 -900.1228245649 58.835167
0.200000 -909.6487297459 59.594619
0.200000 -908.3021604321 59.416283
0.200000 -896.2870574115 62.424585
0.200000 -962.0185037007 30.994799
0.200000 -931.4290858172 49.767253
0.200000 -904.4295859172 60.175635
0.200000 -915.6053210642 57.903681
0.200000 -900.3596719344 59.499400
0.200000 -927.2601520304 50.711342
0.200000 -907.9554910982 60.704041
0.300000 -926.7089417884 53.886377
0.300000 -913.1480296059 58.763653
0.300000 -915.9568913783 58.617924
0.300000 -928.2296459292 51.589618
0.300000 -913.7993598720 57.017003
0.300000 -928.2411482296 54.075915
0.300000 -969.2381476295 28.305961
0.300000 -919.8066613323 56.116923
0.300000 -954.1853370674 38.573515
0.300000 -936.5319063813 50.117524
0.400000 -911.0422084417 58.430186
0.400000 -899.7664532907 62.055011
0.400000 -928.8189637928 52.195639
0.400000 -930.5992198440 49.912482
0.400000 -920.7797559512 56.605921
0.400000 -935.6804360872 50.018804
0.400000 -911.5563112623 56.961892
0.400000 -948.9664932987 41.908382
0.400000 -929.6696339268 53.530406
0.400000 -930.9387877576 48.830266
0.500000 -914.7862572515 56.727345
0.500000 -931.0692138428 52.570814
0.500000 -935.5126025205 50.857572
0.500000 -956.3249649930 35.216843
0.500000 -928.3338667734 53.570514
0.500000 -930.7309461892 50.616923
0.500000 -947.1326265253 43.032106
0.500000 -901.1594318864 60.242048
0.500000 -903.6383276655 62.765653
0.500000 -916.2809561912 56.358972
0.600000 -909.3935787157 55.945289
0.600000 -902.6689337868 61.718744
0.600000 -938.4502900580 49.643429
0.600000 -924.5220044009 55.580816
0.600000 -925.9109821964 56.604921
0.600000 -918.0168033607 56.067714
0.600000 -916.6435287057 53.087518
0.600000 -923.2266453291 52.083817
0.600000 -912.7158431686 59.577616
0.600000 -932.0600120024 49.570414
0.700000 -911.5726145229 56.313563
0.700000 -928.7971594319 51.294459
0.700000 -923.4853970794 54.814063
0.700000 -933.8562712543 50.506701
0.700000 -964.7315463093 31.853471
0.700000 -973.2053410682 24.916883
0.700000 -904.3831766353 60.709342
0.700000 -928.8441688338 51.514303
0.700000 -930.0097019404 53.986697
0.700000 -926.2738547710 51.833467
0.800000 -908.8508701740 57.479796
0.800000 -919.7071414283 57.560912
0.800000 -933.5385077015 49.743949
0.800000 -957.1405281056 36.724845
0.800000 -904.4138827766 58.304361
0.800000 -935.0647129426 50.323365
0.800000 -926.5701140228 50.438388
0.800000 -927.9880976195 52.013403
0.800000 -906.2539507902 56.717744
0.800000 -934.1794358872 50.760152
0.900000 -914.3364672935 57.612923
0.900000 -902.8692738548 61.864873
0.900000 -917.8008601720 58.965493
0.900000 -929.3442688538 48.469694
0.900000 -935.4986997399 49.357371
0.900000 -918.0166033207 57.015803
0.900000 -922.4757951590 53.374375
0.900000 -942.3540708142 44.907682
0.900000 -912.0251050210 54.839368
0.900000 -908.6514302861 57.794959
1.000000 -905.1653330666 60.659732
1.000000 -915.3244648930 53.379476
1.000000 -918.1277255451 57.481596
1.000000 -930.3928785757 52.074915
1.000000 -916.5423084617 58.732847
1.000000 -905.2901580316 59.459792
1.000000 -930.6129225845 52.285357
1.000000 -951.9333866773 39.292659
1.000000 -935.9121824365 49.942989
1.000000 -920.0519103821 58.560812
