1000 3 1
1000 1 0 
1001 
1000 1 0 
1000.539978 
1000 1 2 
999.583984 
1000 1 3 
999.010010 
1000 1 4 
999.346008 
1000 1 5 
1000.280029 
1000 1 6 
1000.960022 
1000 1 7 
1000.750000 
1000 1 8 
999.854004 
1000 1 9 
999.088989 
1000 1.010000 0 
1001.010010 
1000 1.010000 0 
1000.549988 
1000 1.010000 2 
999.580017 
1000 1.010000 3 
999 
1000 1.010000 4 
999.340027 
1000 1.010000 5 
1000.289978 
1000 1.010000 6 
1000.969971 
1000 1.010000 7 
1000.760010 
1000 1.010000 8 
999.853027 
1000 1.010000 9 
999.080017 
1000 1.020000 0 
1001.020020 
1000 1.020000 0 
1000.549988 
1000 1.020000 2 
999.575989 
1000 1.020000 3 
998.989990 
1000 1.020000 4 
999.333008 
1000 1.020000 5 
1000.289978 
1000 1.020000 6 
1000.979980 
1000 1.020000 7 
1000.770020 
1000 1.020000 8 
999.851990 
1000 1.020000 9 
999.070984 
1000 1.030000 0 
1001.030029 
1000 1.030000 0 
1000.559998 
1000 1.030000 2 
999.570984 
1000 1.030000 3 
998.979980 
1000 1.030000 4 
999.327026 
1000 1.030000 5 
1000.289978 
1000 1.030000 6 
1000.989990 
1000 1.030000 7 
1000.780029 
1000 1.030000 8 
999.849976 
1000 1.030000 9 
999.062012 
1000 1.040000 0 
1001.039978 
1000 1.040000 0 
1000.559998 
1000 1.040000 2 
999.567017 
1000 1.040000 3 
998.969971 
1000 1.040000 4 
999.320007 
1000 1.040000 5 
1000.289978 
1000 1.040000 6 
1001 
1000 1.040000 7 
1000.780029 
1000 1.040000 8 
999.848999 
1000 1.040000 9 
999.052002 
1000 1.050000 0 
1001.049988 
1000 1.050000 0 
1000.570007 
1000 1.050000 2 
999.562988 
1000 1.050000 3 
998.960999 
1000 1.050000 4 
999.314026 
1000 1.050000 5 
1000.299988 
1000 1.050000 6 
1001.010010 
1000 1.050000 7 
1000.789978 
1000 1.050000 8 
999.846985 
1000 1.050000 9 
999.043030 
1000 1.060000 0 
1001.059998 
1000 1.060000 0 
1000.570007 
1000 1.060000 2 
999.559021 
1000 1.060000 3 
998.950989 
1000 1.060000 4 
999.307007 
1000 1.060000 5 
1000.299988 
1000 1.060000 6 
1001.020020 
1000 1.060000 7 
1000.799988 
1000 1.060000 8 
999.846008 
1000 1.060000 9 
999.033997 
1000 1.070000 0 
1001.070007 
1000 1.070000 0 
1000.580017 
1000 1.070000 2 
999.554993 
1000 1.070000 3 
998.940979 
1000 1.070000 4 
999.301025 
1000 1.070000 5 
1000.299988 
1000 1.070000 6 
1001.030029 
1000 1.070000 7 
1000.809998 
1000 1.070000 8 
999.843994 
1000 1.070000 9 
999.025024 
1000 1.080000 0 
1001.080017 
1000 1.080000 0 
1000.580017 
1000 1.080000 2 
999.551025 
1000 1.080000 3 
998.931030 
1000 1.080000 4 
999.294006 
1000 1.080000 5 
1000.309998 
1000 1.080000 6 
1001.039978 
1000 1.080000 7 
1000.809998 
1000 1.080000 8 
999.843018 
1000 1.080000 9 
999.015991 
1000 1.090000 0 
1001.090027 
1000 1.090000 0 
1000.590027 
1000 1.090000 2 
999.546021 
1000 1.090000 3 
998.921021 
1000 1.090000 4 
999.288025 
1000 1.090000 5 
1000.309998 
1000 1.090000 6 
1001.049988 
1000 1.090000 7 
1000.820007 
1000 1.090000 8 
999.841003 
1000 1.090000 9 
999.007019 
1000.099976 1 0 
1001.099976 
1000.099976 1 0 
1000.640015 
1000.099976 1 2 
999.684021 
1000.099976 1 3 
999.109985 
1000.099976 1 4 
999.445984 
1000.099976 1 5 
1000.380005 
1000.099976 1 6 
1001.059998 
1000.099976 1 7 
1000.849976 
1000.099976 1 8 
999.953979 
1000.099976 1 9 
999.189026 
1000.099976 1.010000 0 
1001.109985 
1000.099976 1.010000 0 
1000.650024 
1000.099976 1.010000 2 
999.679993 
1000.099976 1.010000 3 
999.099976 
1000.099976 1.010000 4 
999.440002 
1000.099976 1.010000 5 
1000.390015 
1000.099976 1.010000 6 
1001.070007 
1000.099976 1.010000 7 
1000.859985 
1000.099976 1.010000 8 
999.953003 
1000.099976 1.010000 9 
999.179993 
1000.099976 1.020000 0 
1001.119995 
1000.099976 1.020000 0 
1000.650024 
1000.099976 1.020000 2 
999.674988 
1000.099976 1.020000 3 
999.090027 
1000.099976 1.020000 4 
999.432983 
1000.099976 1.020000 5 
1000.390015 
1000.099976 1.020000 6 
1001.080017 
1000.099976 1.020000 7 
1000.869995 
1000.099976 1.020000 8 
999.952026 
1000.099976 1.020000 9 
999.171021 
1000.099976 1.030000 0 
1001.130005 
1000.099976 1.030000 0 
1000.659973 
1000.099976 1.030000 2 
999.671021 
1000.099976 1.030000 3 
999.080017 
1000.099976 1.030000 4 
999.427002 
1000.099976 1.030000 5 
1000.390015 
1000.099976 1.030000 6 
1001.090027 
1000.099976 1.030000 7 
1000.880005 
1000.099976 1.030000 8 
999.950012 
1000.099976 1.030000 9 
999.161011 
1000.099976 1.040000 0 
1001.140015 
1000.099976 1.040000 0 
1000.659973 
1000.099976 1.040000 2 
999.666992 
1000.099976 1.040000 3 
999.070007 
1000.099976 1.040000 4 
999.419983 
1000.099976 1.040000 5 
1000.390015 
1000.099976 1.040000 6 
1001.099976 
1000.099976 1.040000 7 
1000.880005 
1000.099976 1.040000 8 
999.948975 
1000.099976 1.040000 9 
999.151978 
1000.099976 1.050000 0 
1001.150024 
1000.099976 1.050000 0 
1000.669983 
1000.099976 1.050000 2 
999.663025 
1000.099976 1.050000 3 
999.059998 
1000.099976 1.050000 4 
999.414001 
1000.099976 1.050000 5 
1000.400024 
1000.099976 1.050000 6 
1001.109985 
1000.099976 1.050000 7 
1000.890015 
1000.099976 1.050000 8 
999.947021 
1000.099976 1.050000 9 
999.143005 
1000.099976 1.060000 0 
1001.159973 
1000.099976 1.060000 0 
1000.669983 
1000.099976 1.060000 2 
999.658997 
1000.099976 1.060000 3 
999.051025 
1000.099976 1.060000 4 
999.406982 
1000.099976 1.060000 5 
1000.400024 
1000.099976 1.060000 6 
1001.119995 
1000.099976 1.060000 7 
1000.900024 
1000.099976 1.060000 8 
999.945984 
1000.099976 1.060000 9 
999.133972 
1000.099976 1.070000 0 
1001.169983 
1000.099976 1.070000 0 
1000.679993 
1000.099976 1.070000 2 
999.655029 
1000.099976 1.070000 3 
999.041016 
1000.099976 1.070000 4 
999.401001 
1000.099976 1.070000 5 
1000.400024 
1000.099976 1.070000 6 
1001.130005 
1000.099976 1.070000 7 
1000.909973 
1000.099976 1.070000 8 
999.943970 
1000.099976 1.070000 9 
999.125000 
1000.099976 1.080000 0 
1001.179993 
1000.099976 1.080000 0 
1000.679993 
1000.099976 1.080000 2 
999.651001 
1000.099976 1.080000 3 
999.031006 
1000.099976 1.080000 4 
999.393982 
1000.099976 1.080000 5 
1000.409973 
1000.099976 1.080000 6 
1001.140015 
1000.099976 1.080000 7 
1000.909973 
1000.099976 1.080000 8 
999.942993 
1000.099976 1.080000 9 
999.116028 
1000.099976 1.090000 0 
1001.190002 
1000.099976 1.090000 0 
1000.690002 
1000.099976 1.090000 2 
999.645996 
1000.099976 1.090000 3 
999.020996 
1000.099976 1.090000 4 
999.388000 
1000.099976 1.090000 5 
1000.409973 
1000.099976 1.090000 6 
1001.150024 
1000.099976 1.090000 7 
1000.919983 
1000.099976 1.090000 8 
999.940979 
1000.099976 1.090000 9 
999.106995 
1000.200012 1 0 
1001.200012 
1000.200012 1 0 
1000.739990 
1000.200012 1 2 
999.783997 
1000.200012 1 3 
999.210022 
1000.200012 1 4 
999.546021 
1000.200012 1 5 
1000.479980 
1000.200012 1 6 
1001.159973 
1000.200012 1 7 
1000.950012 
1000.200012 1 8 
1000.049988 
1000.200012 1 9 
999.289001 
1000.200012 1.010000 0 
1001.210022 
1000.200012 1.010000 0 
1000.750000 
1000.200012 1.010000 2 
999.780029 
1000.200012 1.010000 3 
999.200012 
1000.200012 1.010000 4 
999.539978 
1000.200012 1.010000 5 
1000.489990 
1000.200012 1.010000 6 
1001.169983 
1000.200012 1.010000 7 
1000.960022 
1000.200012 1.010000 8 
1000.049988 
1000.200012 1.010000 9 
999.280029 
1000.200012 1.020000 0 
1001.219971 
1000.200012 1.020000 0 
1000.750000 
1000.200012 1.020000 2 
999.776001 
1000.200012 1.020000 3 
999.190002 
1000.200012 1.020000 4 
999.533020 
1000.200012 1.020000 5 
1000.489990 
1000.200012 1.020000 6 
1001.179993 
1000.200012 1.020000 7 
1000.969971 
1000.200012 1.020000 8 
1000.049988 
1000.200012 1.020000 9 
999.270996 
1000.200012 1.030000 0 
1001.229980 
1000.200012 1.030000 0 
1000.760010 
1000.200012 1.030000 2 
999.770996 
1000.200012 1.030000 3 
999.179993 
1000.200012 1.030000 4 
999.526978 
1000.200012 1.030000 5 
1000.489990 
1000.200012 1.030000 6 
1001.190002 
1000.200012 1.030000 7 
1000.979980 
1000.200012 1.030000 8 
1000.049988 
1000.200012 1.030000 9 
999.262024 
1000.200012 1.040000 0 
1001.239990 
1000.200012 1.040000 0 
1000.760010 
1000.200012 1.040000 2 
999.767029 
1000.200012 1.040000 3 
999.169983 
1000.200012 1.040000 4 
999.520020 
1000.200012 1.040000 5 
1000.489990 
1000.200012 1.040000 6 
1001.200012 
1000.200012 1.040000 7 
1000.979980 
1000.200012 1.040000 8 
1000.049988 
1000.200012 1.040000 9 
999.252014 
1000.200012 1.050000 0 
1001.250000 
1000.200012 1.050000 0 
1000.770020 
1000.200012 1.050000 2 
999.763000 
1000.200012 1.050000 3 
999.161011 
1000.200012 1.050000 4 
999.513977 
1000.200012 1.050000 5 
1000.500000 
1000.200012 1.050000 6 
1001.210022 
1000.200012 1.050000 7 
1000.989990 
1000.200012 1.050000 8 
1000.049988 
1000.200012 1.050000 9 
999.242981 
1000.200012 1.060000 0 
1001.260010 
1000.200012 1.060000 0 
1000.770020 
1000.200012 1.060000 2 
999.758972 
1000.200012 1.060000 3 
999.151001 
1000.200012 1.060000 4 
999.507019 
1000.200012 1.060000 5 
1000.500000 
1000.200012 1.060000 6 
1001.219971 
1000.200012 1.060000 7 
1001 
1000.200012 1.060000 8 
1000.049988 
1000.200012 1.060000 9 
999.234009 
1000.200012 1.070000 0 
1001.270020 
1000.200012 1.070000 0 
1000.780029 
1000.200012 1.070000 2 
999.755005 
1000.200012 1.070000 3 
999.140991 
1000.200012 1.070000 4 
999.500977 
1000.200012 1.070000 5 
1000.500000 
1000.200012 1.070000 6 
1001.229980 
1000.200012 1.070000 7 
1001.010010 
1000.200012 1.070000 8 
1000.039978 
1000.200012 1.070000 9 
999.224976 
1000.200012 1.080000 0 
1001.280029 
1000.200012 1.080000 0 
1000.780029 
1000.200012 1.080000 2 
999.750977 
1000.200012 1.080000 3 
999.130981 
1000.200012 1.080000 4 
999.494019 
1000.200012 1.080000 5 
1000.510010 
1000.200012 1.080000 6 
1001.239990 
1000.200012 1.080000 7 
1001.010010 
1000.200012 1.080000 8 
1000.039978 
1000.200012 1.080000 9 
999.216003 
1000.200012 1.090000 0 
1001.289978 
1000.200012 1.090000 0 
1000.789978 
1000.200012 1.090000 2 
999.745972 
1000.200012 1.090000 3 
999.120972 
1000.200012 1.090000 4 
999.487976 
1000.200012 1.090000 5 
1000.510010 
1000.200012 1.090000 6 
1001.250000 
1000.200012 1.090000 7 
1001.020020 
1000.200012 1.090000 8 
1000.039978 
1000.200012 1.090000 9 
999.206970 
1000.299988 1 0 
1001.299988 
1000.299988 1 0 
1000.840027 
1000.299988 1 2 
999.883972 
1000.299988 1 3 
999.309998 
1000.299988 1 4 
999.645996 
1000.299988 1 5 
1000.580017 
1000.299988 1 6 
1001.260010 
1000.299988 1 7 
1001.049988 
1000.299988 1 8 
1000.150024 
1000.299988 1 9 
999.388977 
1000.299988 1.010000 0 
1001.309998 
1000.299988 1.010000 0 
1000.849976 
1000.299988 1.010000 2 
999.880005 
1000.299988 1.010000 3 
999.299988 
1000.299988 1.010000 4 
999.640015 
1000.299988 1.010000 5 
1000.590027 
1000.299988 1.010000 6 
1001.270020 
1000.299988 1.010000 7 
1001.059998 
1000.299988 1.010000 8 
1000.150024 
1000.299988 1.010000 9 
999.380005 
1000.299988 1.020000 0 
1001.320007 
1000.299988 1.020000 0 
1000.849976 
1000.299988 1.020000 2 
999.875000 
1000.299988 1.020000 3 
999.289978 
1000.299988 1.020000 4 
999.632996 
1000.299988 1.020000 5 
1000.590027 
1000.299988 1.020000 6 
1001.280029 
1000.299988 1.020000 7 
1001.070007 
1000.299988 1.020000 8 
1000.150024 
1000.299988 1.020000 9 
999.370972 
1000.299988 1.030000 0 
1001.330017 
1000.299988 1.030000 0 
1000.859985 
1000.299988 1.030000 2 
999.870972 
1000.299988 1.030000 3 
999.280029 
1000.299988 1.030000 4 
999.627014 
1000.299988 1.030000 5 
1000.590027 
1000.299988 1.030000 6 
1001.289978 
1000.299988 1.030000 7 
1001.080017 
1000.299988 1.030000 8 
1000.150024 
1000.299988 1.030000 9 
999.362000 
1000.299988 1.040000 0 
1001.340027 
1000.299988 1.040000 0 
1000.859985 
1000.299988 1.040000 2 
999.867004 
1000.299988 1.040000 3 
999.270020 
1000.299988 1.040000 4 
999.619995 
1000.299988 1.040000 5 
1000.590027 
1000.299988 1.040000 6 
1001.299988 
1000.299988 1.040000 7 
1001.080017 
1000.299988 1.040000 8 
1000.150024 
1000.299988 1.040000 9 
999.351990 
1000.299988 1.050000 0 
1001.349976 
1000.299988 1.050000 0 
1000.869995 
1000.299988 1.050000 2 
999.862976 
1000.299988 1.050000 3 
999.260010 
1000.299988 1.050000 4 
999.614014 
1000.299988 1.050000 5 
1000.599976 
1000.299988 1.050000 6 
1001.309998 
1000.299988 1.050000 7 
1001.090027 
1000.299988 1.050000 8 
1000.150024 
1000.299988 1.050000 9 
999.343018 
1000.299988 1.060000 0 
1001.359985 
1000.299988 1.060000 0 
1000.869995 
1000.299988 1.060000 2 
999.859009 
1000.299988 1.060000 3 
999.250977 
1000.299988 1.060000 4 
999.606995 
1000.299988 1.060000 5 
1000.599976 
1000.299988 1.060000 6 
1001.320007 
1000.299988 1.060000 7 
1001.099976 
1000.299988 1.060000 8 
1000.150024 
1000.299988 1.060000 9 
999.333984 
1000.299988 1.070000 0 
1001.369995 
1000.299988 1.070000 0 
1000.880005 
1000.299988 1.070000 2 
999.854980 
1000.299988 1.070000 3 
999.241028 
1000.299988 1.070000 4 
999.601013 
1000.299988 1.070000 5 
1000.599976 
1000.299988 1.070000 6 
1001.330017 
1000.299988 1.070000 7 
1001.109985 
1000.299988 1.070000 8 
1000.140015 
1000.299988 1.070000 9 
999.325012 
1000.299988 1.080000 0 
1001.380005 
1000.299988 1.080000 0 
1000.880005 
1000.299988 1.080000 2 
999.851013 
1000.299988 1.080000 3 
999.231018 
1000.299988 1.080000 4 
999.593994 
1000.299988 1.080000 5 
1000.609985 
1000.299988 1.080000 6 
1001.340027 
1000.299988 1.080000 7 
1001.109985 
1000.299988 1.080000 8 
1000.140015 
1000.299988 1.080000 9 
999.315979 
1000.299988 1.090000 0 
1001.390015 
1000.299988 1.090000 0 
1000.890015 
1000.299988 1.090000 2 
999.846008 
1000.299988 1.090000 3 
999.221008 
1000.299988 1.090000 4 
999.588013 
1000.299988 1.090000 5 
1000.609985 
1000.299988 1.090000 6 
1001.349976 
1000.299988 1.090000 7 
1001.119995 
1000.299988 1.090000 8 
1000.140015 
1000.299988 1.090000 9 
999.307007 
1000.400024 1 0 
1001.400024 
1000.400024 1 0 
1000.940002 
1000.400024 1 2 
999.984009 
1000.400024 1 3 
999.409973 
1000.400024 1 4 
999.745972 
1000.400024 1 5 
1000.679993 
1000.400024 1 6 
1001.359985 
1000.400024 1 7 
1001.150024 
1000.400024 1 8 
1000.250000 
1000.400024 1 9 
999.489014 
1000.400024 1.010000 0 
1001.409973 
1000.400024 1.010000 0 
1000.950012 
1000.400024 1.010000 2 
999.979980 
1000.400024 1.010000 3 
999.400024 
1000.400024 1.010000 4 
999.739990 
1000.400024 1.010000 5 
1000.690002 
1000.400024 1.010000 6 
1001.369995 
1000.400024 1.010000 7 
1001.159973 
1000.400024 1.010000 8 
1000.250000 
1000.400024 1.010000 9 
999.479980 
1000.400024 1.020000 0 
1001.419983 
1000.400024 1.020000 0 
1000.950012 
1000.400024 1.020000 2 
999.976013 
1000.400024 1.020000 3 
999.390015 
1000.400024 1.020000 4 
999.732971 
1000.400024 1.020000 5 
1000.690002 
1000.400024 1.020000 6 
1001.380005 
1000.400024 1.020000 7 
1001.169983 
1000.400024 1.020000 8 
1000.250000 
1000.400024 1.020000 9 
999.471008 
1000.400024 1.030000 0 
1001.429993 
1000.400024 1.030000 0 
1000.960022 
1000.400024 1.030000 2 
999.971008 
1000.400024 1.030000 3 
999.380005 
1000.400024 1.030000 4 
999.726990 
1000.400024 1.030000 5 
1000.690002 
1000.400024 1.030000 6 
1001.390015 
1000.400024 1.030000 7 
1001.179993 
1000.400024 1.030000 8 
1000.250000 
1000.400024 1.030000 9 
999.461975 
1000.400024 1.040000 0 
1001.440002 
1000.400024 1.040000 0 
1000.960022 
1000.400024 1.040000 2 
999.966980 
1000.400024 1.040000 3 
999.369995 
1000.400024 1.040000 4 
999.719971 
1000.400024 1.040000 5 
1000.700012 
1000.400024 1.040000 6 
1001.400024 
1000.400024 1.040000 7 
1001.179993 
1000.400024 1.040000 8 
1000.250000 
1000.400024 1.040000 9 
999.452026 
1000.400024 1.050000 0 
1001.450012 
1000.400024 1.050000 0 
1000.969971 
1000.400024 1.050000 2 
999.963013 
1000.400024 1.050000 3 
999.361023 
1000.400024 1.050000 4 
999.713989 
1000.400024 1.050000 5 
1000.700012 
1000.400024 1.050000 6 
1001.409973 
1000.400024 1.050000 7 
1001.190002 
1000.400024 1.050000 8 
1000.250000 
1000.400024 1.050000 9 
999.442993 
1000.400024 1.060000 0 
1001.460022 
1000.400024 1.060000 0 
1000.969971 
1000.400024 1.060000 2 
999.958984 
1000.400024 1.060000 3 
999.351013 
1000.400024 1.060000 4 
999.706970 
1000.400024 1.060000 5 
1000.700012 
1000.400024 1.060000 6 
1001.419983 
1000.400024 1.060000 7 
1001.200012 
1000.400024 1.060000 8 
1000.250000 
1000.400024 1.060000 9 
999.434021 
1000.400024 1.070000 0 
1001.469971 
1000.400024 1.070000 0 
1000.979980 
1000.400024 1.070000 2 
999.955017 
1000.400024 1.070000 3 
999.341003 
1000.400024 1.070000 4 
999.700989 
1000.400024 1.070000 5 
1000.700012 
1000.400024 1.070000 6 
1001.429993 
1000.400024 1.070000 7 
1001.210022 
1000.400024 1.070000 8 
1000.239990 
1000.400024 1.070000 9 
999.424988 
1000.400024 1.080000 0 
1001.479980 
1000.400024 1.080000 0 
1000.979980 
1000.400024 1.080000 2 
999.950989 
1000.400024 1.080000 3 
999.330994 
1000.400024 1.080000 4 
999.693970 
1000.400024 1.080000 5 
1000.710022 
1000.400024 1.080000 6 
1001.440002 
1000.400024 1.080000 7 
1001.210022 
1000.400024 1.080000 8 
1000.239990 
1000.400024 1.080000 9 
999.416016 
1000.400024 1.090000 0 
1001.489990 
1000.400024 1.090000 0 
1000.989990 
1000.400024 1.090000 2 
999.945984 
1000.400024 1.090000 3 
999.320984 
1000.400024 1.090000 4 
999.687988 
1000.400024 1.090000 5 
1000.710022 
1000.400024 1.090000 6 
1001.450012 
1000.400024 1.090000 7 
1001.219971 
1000.400024 1.090000 8 
1000.239990 
1000.400024 1.090000 9 
999.406982 
1000.500000 1 0 
1001.500000 
1000.500000 1 0 
1001.039978 
1000.500000 1 2 
1000.080017 
1000.500000 1 3 
999.510010 
1000.500000 1 4 
999.846008 
1000.500000 1 5 
1000.780029 
1000.500000 1 6 
1001.460022 
1000.500000 1 7 
1001.250000 
1000.500000 1 8 
1000.349976 
1000.500000 1 9 
999.588989 
1000.500000 1.010000 0 
1001.510010 
1000.500000 1.010000 0 
1001.049988 
1000.500000 1.010000 2 
1000.080017 
1000.500000 1.010000 3 
999.500000 
1000.500000 1.010000 4 
999.840027 
1000.500000 1.010000 5 
1000.789978 
1000.500000 1.010000 6 
1001.469971 
1000.500000 1.010000 7 
1001.260010 
1000.500000 1.010000 8 
1000.349976 
1000.500000 1.010000 9 
999.580017 
1000.500000 1.020000 0 
1001.520020 
1000.500000 1.020000 0 
1001.049988 
1000.500000 1.020000 2 
1000.080017 
1000.500000 1.020000 3 
999.489990 
1000.500000 1.020000 4 
999.833008 
1000.500000 1.020000 5 
1000.789978 
1000.500000 1.020000 6 
1001.479980 
1000.500000 1.020000 7 
1001.270020 
1000.500000 1.020000 8 
1000.349976 
1000.500000 1.020000 9 
999.570984 
1000.500000 1.030000 0 
1001.530029 
1000.500000 1.030000 0 
1001.059998 
1000.500000 1.030000 2 
1000.070007 
1000.500000 1.030000 3 
999.479980 
1000.500000 1.030000 4 
999.827026 
1000.500000 1.030000 5 
1000.789978 
1000.500000 1.030000 6 
1001.489990 
1000.500000 1.030000 7 
1001.280029 
1000.500000 1.030000 8 
1000.349976 
1000.500000 1.030000 9 
999.562012 
1000.500000 1.040000 0 
1001.539978 
1000.500000 1.040000 0 
1001.059998 
1000.500000 1.040000 2 
1000.070007 
1000.500000 1.040000 3 
999.469971 
1000.500000 1.040000 4 
999.820007 
1000.500000 1.040000 5 
1000.789978 
1000.500000 1.040000 6 
1001.500000 
1000.500000 1.040000 7 
1001.280029 
1000.500000 1.040000 8 
1000.349976 
1000.500000 1.040000 9 
999.552002 
1000.500000 1.050000 0 
1001.549988 
1000.500000 1.050000 0 
1001.070007 
1000.500000 1.050000 2 
1000.059998 
1000.500000 1.050000 3 
999.460999 
1000.500000 1.050000 4 
999.814026 
1000.500000 1.050000 5 
1000.799988 
1000.500000 1.050000 6 
1001.510010 
1000.500000 1.050000 7 
1001.289978 
1000.500000 1.050000 8 
1000.349976 
1000.500000 1.050000 9 
999.543030 
1000.500000 1.060000 0 
1001.559998 
1000.500000 1.060000 0 
1001.070007 
1000.500000 1.060000 2 
1000.059998 
1000.500000 1.060000 3 
999.450989 
1000.500000 1.060000 4 
999.807007 
1000.500000 1.060000 5 
1000.799988 
1000.500000 1.060000 6 
1001.520020 
1000.500000 1.060000 7 
1001.299988 
1000.500000 1.060000 8 
1000.349976 
1000.500000 1.060000 9 
999.533997 
1000.500000 1.070000 0 
1001.570007 
1000.500000 1.070000 0 
1001.080017 
1000.500000 1.070000 2 
1000.049988 
1000.500000 1.070000 3 
999.440979 
1000.500000 1.070000 4 
999.801025 
1000.500000 1.070000 5 
1000.799988 
1000.500000 1.070000 6 
1001.530029 
1000.500000 1.070000 7 
1001.309998 
1000.500000 1.070000 8 
1000.340027 
1000.500000 1.070000 9 
999.525024 
1000.500000 1.080000 0 
1001.580017 
1000.500000 1.080000 0 
1001.080017 
1000.500000 1.080000 2 
1000.049988 
1000.500000 1.080000 3 
999.431030 
1000.500000 1.080000 4 
999.794006 
1000.500000 1.080000 5 
1000.809998 
1000.500000 1.080000 6 
1001.539978 
1000.500000 1.080000 7 
1001.309998 
1000.500000 1.080000 8 
1000.340027 
1000.500000 1.080000 9 
999.515991 
1000.500000 1.090000 0 
1001.590027 
1000.500000 1.090000 0 
1001.090027 
1000.500000 1.090000 2 
1000.049988 
1000.500000 1.090000 3 
999.421021 
1000.500000 1.090000 4 
999.788025 
1000.500000 1.090000 5 
1000.809998 
1000.500000 1.090000 6 
1001.549988 
1000.500000 1.090000 7 
1001.320007 
1000.500000 1.090000 8 
1000.340027 
1000.500000 1.090000 9 
999.507019 
1000.599976 1 0 
1001.599976 
1000.599976 1 0 
1001.140015 
1000.599976 1 2 
1000.179993 
1000.599976 1 3 
999.609985 
1000.599976 1 4 
999.945984 
1000.599976 1 5 
1000.880005 
1000.599976 1 6 
1001.559998 
1000.599976 1 7 
1001.349976 
1000.599976 1 8 
1000.450012 
1000.599976 1 9 
999.689026 
1000.599976 1.010000 0 
1001.609985 
1000.599976 1.010000 0 
1001.150024 
1000.599976 1.010000 2 
1000.179993 
1000.599976 1.010000 3 
999.599976 
1000.599976 1.010000 4 
999.940002 
1000.599976 1.010000 5 
1000.890015 
1000.599976 1.010000 6 
1001.570007 
1000.599976 1.010000 7 
1001.359985 
1000.599976 1.010000 8 
1000.450012 
1000.599976 1.010000 9 
999.679993 
1000.599976 1.020000 0 
1001.619995 
1000.599976 1.020000 0 
1001.150024 
1000.599976 1.020000 2 
1000.179993 
1000.599976 1.020000 3 
999.590027 
1000.599976 1.020000 4 
999.932983 
1000.599976 1.020000 5 
1000.890015 
1000.599976 1.020000 6 
1001.580017 
1000.599976 1.020000 7 
1001.369995 
1000.599976 1.020000 8 
1000.450012 
1000.599976 1.020000 9 
999.671021 
1000.599976 1.030000 0 
1001.630005 
1000.599976 1.030000 0 
1001.159973 
1000.599976 1.030000 2 
1000.169983 
1000.599976 1.030000 3 
999.580017 
1000.599976 1.030000 4 
999.927002 
1000.599976 1.030000 5 
1000.890015 
1000.599976 1.030000 6 
1001.590027 
1000.599976 1.030000 7 
1001.380005 
1000.599976 1.030000 8 
1000.450012 
1000.599976 1.030000 9 
999.661011 
1000.599976 1.040000 0 
1001.640015 
1000.599976 1.040000 0 
1001.159973 
1000.599976 1.040000 2 
1000.169983 
1000.599976 1.040000 3 
999.570007 
1000.599976 1.040000 4 
999.919983 
1000.599976 1.040000 5 
1000.890015 
1000.599976 1.040000 6 
1001.599976 
1000.599976 1.040000 7 
1001.380005 
1000.599976 1.040000 8 
1000.450012 
1000.599976 1.040000 9 
999.651978 
1000.599976 1.050000 0 
1001.650024 
1000.599976 1.050000 0 
1001.169983 
1000.599976 1.050000 2 
1000.159973 
1000.599976 1.050000 3 
999.559998 
1000.599976 1.050000 4 
999.914001 
1000.599976 1.050000 5 
1000.900024 
1000.599976 1.050000 6 
1001.609985 
1000.599976 1.050000 7 
1001.390015 
1000.599976 1.050000 8 
1000.450012 
1000.599976 1.050000 9 
999.643005 
1000.599976 1.060000 0 
1001.659973 
1000.599976 1.060000 0 
1001.169983 
1000.599976 1.060000 2 
1000.159973 
1000.599976 1.060000 3 
999.551025 
1000.599976 1.060000 4 
999.906982 
1000.599976 1.060000 5 
1000.900024 
1000.599976 1.060000 6 
1001.619995 
1000.599976 1.060000 7 
1001.400024 
1000.599976 1.060000 8 
1000.450012 
1000.599976 1.060000 9 
999.633972 
1000.599976 1.070000 0 
1001.669983 
1000.599976 1.070000 0 
1001.179993 
1000.599976 1.070000 2 
1000.150024 
1000.599976 1.070000 3 
999.541016 
1000.599976 1.070000 4 
999.901001 
1000.599976 1.070000 5 
1000.900024 
1000.599976 1.070000 6 
1001.630005 
1000.599976 1.070000 7 
1001.409973 
1000.599976 1.070000 8 
1000.440002 
1000.599976 1.070000 9 
999.625000 
1000.599976 1.080000 0 
1001.679993 
1000.599976 1.080000 0 
1001.179993 
1000.599976 1.080000 2 
1000.150024 
1000.599976 1.080000 3 
999.531006 
1000.599976 1.080000 4 
999.893982 
1000.599976 1.080000 5 
1000.909973 
1000.599976 1.080000 6 
1001.640015 
1000.599976 1.080000 7 
1001.409973 
1000.599976 1.080000 8 
1000.440002 
1000.599976 1.080000 9 
999.616028 
1000.599976 1.090000 0 
1001.690002 
1000.599976 1.090000 0 
1001.190002 
1000.599976 1.090000 2 
1000.150024 
1000.599976 1.090000 3 
999.520996 
1000.599976 1.090000 4 
999.888000 
1000.599976 1.090000 5 
1000.909973 
1000.599976 1.090000 6 
1001.650024 
1000.599976 1.090000 7 
1001.419983 
1000.599976 1.090000 8 
1000.440002 
1000.599976 1.090000 9 
999.606995 
1000.700012 1 0 
1001.700012 
1000.700012 1 0 
1001.239990 
1000.700012 1 2 
1000.280029 
1000.700012 1 3 
999.710022 
1000.700012 1 4 
1000.049988 
1000.700012 1 5 
1000.979980 
1000.700012 1 6 
1001.659973 
1000.700012 1 7 
1001.450012 
1000.700012 1 8 
1000.549988 
1000.700012 1 9 
999.789001 
1000.700012 1.010000 0 
1001.710022 
1000.700012 1.010000 0 
1001.250000 
1000.700012 1.010000 2 
1000.280029 
1000.700012 1.010000 3 
999.700012 
1000.700012 1.010000 4 
1000.039978 
1000.700012 1.010000 5 
1000.989990 
1000.700012 1.010000 6 
1001.669983 
1000.700012 1.010000 7 
1001.460022 
1000.700012 1.010000 8 
1000.549988 
1000.700012 1.010000 9 
999.780029 
1000.700012 1.020000 0 
1001.719971 
1000.700012 1.020000 0 
1001.250000 
1000.700012 1.020000 2 
1000.280029 
1000.700012 1.020000 3 
999.690002 
1000.700012 1.020000 4 
1000.030029 
1000.700012 1.020000 5 
1000.989990 
1000.700012 1.020000 6 
1001.679993 
1000.700012 1.020000 7 
1001.469971 
1000.700012 1.020000 8 
1000.549988 
1000.700012 1.020000 9 
999.770996 
1000.700012 1.030000 0 
1001.729980 
1000.700012 1.030000 0 
1001.260010 
1000.700012 1.030000 2 
1000.270020 
1000.700012 1.030000 3 
999.679993 
1000.700012 1.030000 4 
1000.030029 
1000.700012 1.030000 5 
1000.989990 
1000.700012 1.030000 6 
1001.690002 
1000.700012 1.030000 7 
1001.479980 
1000.700012 1.030000 8 
1000.549988 
1000.700012 1.030000 9 
999.762024 
1000.700012 1.040000 0 
1001.739990 
1000.700012 1.040000 0 
1001.260010 
1000.700012 1.040000 2 
1000.270020 
1000.700012 1.040000 3 
999.669983 
1000.700012 1.040000 4 
1000.020020 
1000.700012 1.040000 5 
1000.989990 
1000.700012 1.040000 6 
1001.700012 
1000.700012 1.040000 7 
1001.479980 
1000.700012 1.040000 8 
1000.549988 
1000.700012 1.040000 9 
999.752014 
1000.700012 1.050000 0 
1001.750000 
1000.700012 1.050000 0 
1001.270020 
1000.700012 1.050000 2 
1000.260010 
1000.700012 1.050000 3 
999.661011 
1000.700012 1.050000 4 
1000.010010 
1000.700012 1.050000 5 
1001 
1000.700012 1.050000 6 
1001.710022 
1000.700012 1.050000 7 
1001.489990 
1000.700012 1.050000 8 
1000.549988 
1000.700012 1.050000 9 
999.742981 
1000.700012 1.060000 0 
1001.760010 
1000.700012 1.060000 0 
1001.270020 
1000.700012 1.060000 2 
1000.260010 
1000.700012 1.060000 3 
999.651001 
1000.700012 1.060000 4 
1000.010010 
1000.700012 1.060000 5 
1001 
1000.700012 1.060000 6 
1001.719971 
1000.700012 1.060000 7 
1001.500000 
1000.700012 1.060000 8 
1000.549988 
1000.700012 1.060000 9 
999.734009 
1000.700012 1.070000 0 
1001.770020 
1000.700012 1.070000 0 
1001.280029 
1000.700012 1.070000 2 
1000.250000 
1000.700012 1.070000 3 
999.640991 
1000.700012 1.070000 4 
1000 
1000.700012 1.070000 5 
1001 
1000.700012 1.070000 6 
1001.729980 
1000.700012 1.070000 7 
1001.510010 
1000.700012 1.070000 8 
1000.539978 
1000.700012 1.070000 9 
999.724976 
1000.700012 1.080000 0 
1001.780029 
1000.700012 1.080000 0 
1001.280029 
1000.700012 1.080000 2 
1000.250000 
1000.700012 1.080000 3 
999.630981 
1000.700012 1.080000 4 
999.994019 
1000.700012 1.080000 5 
1001.010010 
1000.700012 1.080000 6 
1001.739990 
1000.700012 1.080000 7 
1001.510010 
1000.700012 1.080000 8 
1000.539978 
1000.700012 1.080000 9 
999.716003 
1000.700012 1.090000 0 
1001.789978 
1000.700012 1.090000 0 
1001.289978 
1000.700012 1.090000 2 
1000.250000 
1000.700012 1.090000 3 
999.620972 
1000.700012 1.090000 4 
999.987976 
1000.700012 1.090000 5 
1001.010010 
1000.700012 1.090000 6 
1001.750000 
1000.700012 1.090000 7 
1001.520020 
1000.700012 1.090000 8 
1000.539978 
1000.700012 1.090000 9 
999.706970 
1000.799988 1 0 
1001.799988 
1000.799988 1 0 
1001.340027 
1000.799988 1 2 
1000.380005 
1000.799988 1 3 
999.809998 
1000.799988 1 4 
1000.150024 
1000.799988 1 5 
1001.080017 
1000.799988 1 6 
1001.760010 
1000.799988 1 7 
1001.549988 
1000.799988 1 8 
1000.650024 
1000.799988 1 9 
999.888977 
1000.799988 1.010000 0 
1001.809998 
1000.799988 1.010000 0 
1001.349976 
1000.799988 1.010000 2 
1000.380005 
1000.799988 1.010000 3 
999.799988 
1000.799988 1.010000 4 
1000.140015 
1000.799988 1.010000 5 
1001.090027 
1000.799988 1.010000 6 
1001.770020 
1000.799988 1.010000 7 
1001.559998 
1000.799988 1.010000 8 
1000.650024 
1000.799988 1.010000 9 
999.880005 
1000.799988 1.020000 0 
1001.820007 
1000.799988 1.020000 0 
1001.349976 
1000.799988 1.020000 2 
1000.380005 
1000.799988 1.020000 3 
999.789978 
1000.799988 1.020000 4 
1000.130005 
1000.799988 1.020000 5 
1001.090027 
1000.799988 1.020000 6 
1001.780029 
1000.799988 1.020000 7 
1001.570007 
1000.799988 1.020000 8 
1000.650024 
1000.799988 1.020000 9 
999.870972 
1000.799988 1.030000 0 
1001.830017 
1000.799988 1.030000 0 
1001.359985 
1000.799988 1.030000 2 
1000.369995 
1000.799988 1.030000 3 
999.780029 
1000.799988 1.030000 4 
1000.130005 
1000.799988 1.030000 5 
1001.090027 
1000.799988 1.030000 6 
1001.789978 
1000.799988 1.030000 7 
1001.580017 
1000.799988 1.030000 8 
1000.650024 
1000.799988 1.030000 9 
999.862000 
1000.799988 1.040000 0 
1001.840027 
1000.799988 1.040000 0 
1001.359985 
1000.799988 1.040000 2 
1000.369995 
1000.799988 1.040000 3 
999.770020 
1000.799988 1.040000 4 
1000.119995 
1000.799988 1.040000 5 
1001.090027 
1000.799988 1.040000 6 
1001.799988 
1000.799988 1.040000 7 
1001.580017 
1000.799988 1.040000 8 
1000.650024 
1000.799988 1.040000 9 
999.851990 
1000.799988 1.050000 0 
1001.849976 
1000.799988 1.050000 0 
1001.369995 
1000.799988 1.050000 2 
1000.359985 
1000.799988 1.050000 3 
999.760010 
1000.799988 1.050000 4 
1000.109985 
1000.799988 1.050000 5 
1001.099976 
1000.799988 1.050000 6 
1001.809998 
1000.799988 1.050000 7 
1001.590027 
1000.799988 1.050000 8 
1000.650024 
1000.799988 1.050000 9 
999.843018 
1000.799988 1.060000 0 
1001.859985 
1000.799988 1.060000 0 
1001.369995 
1000.799988 1.060000 2 
1000.359985 
1000.799988 1.060000 3 
999.750977 
1000.799988 1.060000 4 
1000.109985 
1000.799988 1.060000 5 
1001.099976 
1000.799988 1.060000 6 
1001.820007 
1000.799988 1.060000 7 
1001.599976 
1000.799988 1.060000 8 
1000.650024 
1000.799988 1.060000 9 
999.833984 
1000.799988 1.070000 0 
1001.869995 
1000.799988 1.070000 0 
1001.380005 
1000.799988 1.070000 2 
1000.349976 
1000.799988 1.070000 3 
999.741028 
1000.799988 1.070000 4 
1000.099976 
1000.799988 1.070000 5 
1001.099976 
1000.799988 1.070000 6 
1001.830017 
1000.799988 1.070000 7 
1001.609985 
1000.799988 1.070000 8 
1000.640015 
1000.799988 1.070000 9 
999.825012 
1000.799988 1.080000 0 
1001.880005 
1000.799988 1.080000 0 
1001.380005 
1000.799988 1.080000 2 
1000.349976 
1000.799988 1.080000 3 
999.731018 
1000.799988 1.080000 4 
1000.090027 
1000.799988 1.080000 5 
1001.109985 
1000.799988 1.080000 6 
1001.840027 
1000.799988 1.080000 7 
1001.609985 
1000.799988 1.080000 8 
1000.640015 
1000.799988 1.080000 9 
999.815979 
1000.799988 1.090000 0 
1001.890015 
1000.799988 1.090000 0 
1001.390015 
1000.799988 1.090000 2 
1000.349976 
1000.799988 1.090000 3 
999.721008 
1000.799988 1.090000 4 
1000.090027 
1000.799988 1.090000 5 
1001.109985 
1000.799988 1.090000 6 
1001.849976 
1000.799988 1.090000 7 
1001.619995 
1000.799988 1.090000 8 
1000.640015 
1000.799988 1.090000 9 
999.807007 
1000.900024 1 0 
1001.900024 
1000.900024 1 0 
1001.440002 
1000.900024 1 2 
1000.479980 
1000.900024 1 3 
999.909973 
1000.900024 1 4 
1000.250000 
1000.900024 1 5 
1001.179993 
1000.900024 1 6 
1001.859985 
1000.900024 1 7 
1001.650024 
1000.900024 1 8 
1000.750000 
1000.900024 1 9 
999.989014 
1000.900024 1.010000 0 
1001.909973 
1000.900024 1.010000 0 
1001.450012 
1000.900024 1.010000 2 
1000.479980 
1000.900024 1.010000 3 
999.900024 
1000.900024 1.010000 4 
1000.239990 
1000.900024 1.010000 5 
1001.190002 
1000.900024 1.010000 6 
1001.869995 
1000.900024 1.010000 7 
1001.659973 
1000.900024 1.010000 8 
1000.750000 
1000.900024 1.010000 9 
999.979980 
1000.900024 1.020000 0 
1001.919983 
1000.900024 1.020000 0 
1001.450012 
1000.900024 1.020000 2 
1000.479980 
1000.900024 1.020000 3 
999.890015 
1000.900024 1.020000 4 
1000.229980 
1000.900024 1.020000 5 
1001.190002 
1000.900024 1.020000 6 
1001.880005 
1000.900024 1.020000 7 
1001.669983 
1000.900024 1.020000 8 
1000.750000 
1000.900024 1.020000 9 
999.971008 
1000.900024 1.030000 0 
1001.929993 
1000.900024 1.030000 0 
1001.460022 
1000.900024 1.030000 2 
1000.469971 
1000.900024 1.030000 3 
999.880005 
1000.900024 1.030000 4 
1000.229980 
1000.900024 1.030000 5 
1001.190002 
1000.900024 1.030000 6 
1001.890015 
1000.900024 1.030000 7 
1001.679993 
1000.900024 1.030000 8 
1000.750000 
1000.900024 1.030000 9 
999.961975 
1000.900024 1.040000 0 
1001.940002 
1000.900024 1.040000 0 
1001.460022 
1000.900024 1.040000 2 
1000.469971 
1000.900024 1.040000 3 
999.869995 
1000.900024 1.040000 4 
1000.219971 
1000.900024 1.040000 5 
1001.200012 
1000.900024 1.040000 6 
1001.900024 
1000.900024 1.040000 7 
1001.679993 
1000.900024 1.040000 8 
1000.750000 
1000.900024 1.040000 9 
999.952026 
1000.900024 1.050000 0 
1001.950012 
1000.900024 1.050000 0 
1001.469971 
1000.900024 1.050000 2 
1000.460022 
1000.900024 1.050000 3 
999.861023 
1000.900024 1.050000 4 
1000.210022 
1000.900024 1.050000 5 
1001.200012 
1000.900024 1.050000 6 
1001.909973 
1000.900024 1.050000 7 
1001.690002 
1000.900024 1.050000 8 
1000.750000 
1000.900024 1.050000 9 
999.942993 
1000.900024 1.060000 0 
1001.960022 
1000.900024 1.060000 0 
1001.469971 
1000.900024 1.060000 2 
1000.460022 
1000.900024 1.060000 3 
999.851013 
1000.900024 1.060000 4 
1000.210022 
1000.900024 1.060000 5 
1001.200012 
1000.900024 1.060000 6 
1001.919983 
1000.900024 1.060000 7 
1001.700012 
1000.900024 1.060000 8 
1000.750000 
1000.900024 1.060000 9 
999.934021 
1000.900024 1.070000 0 
1001.969971 
1000.900024 1.070000 0 
1001.479980 
1000.900024 1.070000 2 
1000.450012 
1000.900024 1.070000 3 
999.841003 
1000.900024 1.070000 4 
1000.200012 
1000.900024 1.070000 5 
1001.200012 
1000.900024 1.070000 6 
1001.929993 
1000.900024 1.070000 7 
1001.710022 
1000.900024 1.070000 8 
1000.739990 
1000.900024 1.070000 9 
999.924988 
1000.900024 1.080000 0 
1001.979980 
1000.900024 1.080000 0 
1001.479980 
1000.900024 1.080000 2 
1000.450012 
1000.900024 1.080000 3 
999.830994 
1000.900024 1.080000 4 
1000.190002 
1000.900024 1.080000 5 
1001.210022 
1000.900024 1.080000 6 
1001.940002 
1000.900024 1.080000 7 
1001.710022 
1000.900024 1.080000 8 
1000.739990 
1000.900024 1.080000 9 
999.916016 
1000.900024 1.090000 0 
1001.989990 
1000.900024 1.090000 0 
1001.489990 
1000.900024 1.090000 2 
1000.450012 
1000.900024 1.090000 3 
999.820984 
1000.900024 1.090000 4 
1000.190002 
1000.900024 1.090000 5 
1001.210022 
1000.900024 1.090000 6 
1001.950012 
1000.900024 1.090000 7 
1001.719971 
1000.900024 1.090000 8 
1000.739990 
1000.900024 1.090000 9 
999.906982 
