1000 3 1
-1.570953 -1.566767 -1.566699 
0.623100 
-1.570953 -1.566767 -1.218544 
0.056598 
-1.570953 -1.566767 -0.870388 
-1.120678 
-1.570953 -1.566767 -0.522233 
-1.827510 
-1.570953 -1.566767 -0.174078 
-1.413738 
-1.570953 -1.566767 0.174078 
-0.263521 
-1.570953 -1.566767 0.522233 
0.573868 
-1.570953 -1.566767 0.870388 
0.315233 
-1.570953 -1.566767 1.218544 
-0.788158 
-1.570953 -1.566767 1.566699 
-1.730249 
-1.570953 -1.218614 -1.566699 
0.635427 
-1.570953 -1.218614 -1.218544 
0.068924 
-1.570953 -1.218614 -0.870388 
-1.125564 
-1.570953 -1.218614 -0.522233 
-1.839836 
-1.570953 -1.218614 -0.174078 
-1.421104 
-1.570953 -1.218614 0.174078 
-0.251269 
-1.570953 -1.218614 0.522233 
0.586120 
-1.570953 -1.218614 0.870388 
0.327560 
-1.570953 -1.218614 1.218544 
-0.789360 
-1.570953 -1.218614 1.566699 
-1.741298 
-1.570953 -0.870460 -1.566699 
0.647753 
-1.570953 -0.870460 -1.218544 
0.068924 
-1.570953 -0.870460 -0.870388 
-1.130525 
-1.570953 -0.870460 -0.522233 
-1.852163 
-1.570953 -0.870460 -0.174078 
-1.429748 
-1.570953 -0.870460 0.174078 
-0.251269 
-1.570953 -0.870460 0.522233 
0.598447 
-1.570953 -0.870460 0.870388 
0.339886 
-1.570953 -0.870460 1.218544 
-0.790638 
-1.570953 -0.870460 1.566699 
-1.752422 
-1.570953 -0.522306 -1.566699 
0.660080 
-1.570953 -0.522306 -1.218544 
0.081251 
-1.570953 -0.522306 -0.870388 
-1.136688 
-1.570953 -0.522306 -0.522233 
-1.864490 
-1.570953 -0.522306 -0.174078 
-1.437114 
-1.570953 -0.522306 0.174078 
-0.251269 
-1.570953 -0.522306 0.522233 
0.610773 
-1.570953 -0.522306 0.870388 
0.352213 
-1.570953 -0.522306 1.218544 
-0.793118 
-1.570953 -0.522306 1.566699 
-1.763471 
-1.570953 -0.174152 -1.566699 
0.672332 
-1.570953 -0.174152 -1.218544 
0.081251 
-1.570953 -0.174152 -0.870388 
-1.141573 
-1.570953 -0.174152 -0.522233 
-1.876816 
-1.570953 -0.174152 -0.174078 
-1.445758 
-1.570953 -0.174152 0.174078 
-0.251269 
-1.570953 -0.174152 0.522233 
0.623100 
-1.570953 -0.174152 0.870388 
0.352213 
-1.570953 -0.174152 1.218544 
-0.794321 
-1.570953 -0.174152 1.566699 
-1.775798 
-1.570953 0.174002 -1.566699 
0.684658 
-1.570953 0.174002 -1.218544 
0.093578 
-1.570953 0.174002 -0.870388 
-1.146534 
-1.570953 0.174002 -0.522233 
-1.887865 
-1.570953 0.174002 -0.174078 
-1.453123 
-1.570953 0.174002 0.174078 
-0.238943 
-1.570953 0.174002 0.522233 
0.635427 
-1.570953 0.174002 0.870388 
0.364465 
-1.570953 0.174002 1.218544 
-0.796801 
-1.570953 0.174002 1.566699 
-1.786847 
-1.570953 0.522156 -1.566699 
0.696985 
-1.570953 0.522156 -1.218544 
0.093578 
-1.570953 0.522156 -0.870388 
-1.151420 
-1.570953 0.522156 -0.522233 
-1.900192 
-1.570953 0.522156 -0.174078 
-1.461767 
-1.570953 0.522156 0.174078 
-0.238943 
-1.570953 0.522156 0.522233 
0.647753 
-1.570953 0.522156 0.870388 
0.376791 
-1.570953 0.522156 1.218544 
-0.798004 
-1.570953 0.522156 1.566699 
-1.797971 
-1.570953 0.870314 -1.566699 
0.709312 
-1.570953 0.870314 -1.218544 
0.105904 
-1.570953 0.870314 -0.870388 
-1.156381 
-1.570953 0.870314 -0.522233 
-1.912519 
-1.570953 0.870314 -0.174078 
-1.469133 
-1.570953 0.870314 0.174078 
-0.238943 
-1.570953 0.870314 0.522233 
0.660080 
-1.570953 0.870314 0.870388 
0.389118 
-1.570953 0.870314 1.218544 
-0.800484 
-1.570953 0.870314 1.566699 
-1.809020 
-1.570953 1.218468 -1.566699 
0.721639 
-1.570953 1.218468 -1.218544 
0.105904 
-1.570953 1.218468 -0.870388 
-1.161266 
-1.570953 1.218468 -0.522233 
-1.924770 
-1.570953 1.218468 -0.174078 
-1.477777 
-1.570953 1.218468 0.174078 
-0.226616 
-1.570953 1.218468 0.522233 
0.672332 
-1.570953 1.218468 0.870388 
0.389118 
-1.570953 1.218468 1.218544 
-0.801687 
-1.570953 1.218468 1.566699 
-1.820144 
-1.570953 1.566622 -1.566699 
0.733965 
-1.570953 1.566622 -1.218544 
0.118231 
-1.570953 1.566622 -0.870388 
-1.167429 
-1.570953 1.566622 -0.522233 
-1.937097 
-1.570953 1.566622 -0.174078 
-1.485143 
-1.570953 1.566622 0.174078 
-0.226616 
-1.570953 1.566622 0.522233 
0.684658 
-1.570953 1.566622 0.870388 
0.401445 
-1.570953 1.566622 1.218544 
-0.804167 
-1.570953 1.566622 1.566699 
-1.831193 
-1.222891 -1.566767 -1.566699 
0.746217 
-1.222891 -1.566767 -1.218544 
0.179790 
-1.222891 -1.566767 -0.870388 
-0.997486 
-1.222891 -1.566767 -0.522233 
-1.704393 
-1.222891 -1.566767 -0.174078 
-1.290621 
-1.222891 -1.566767 0.174078 
-0.140404 
-1.222891 -1.566767 0.522233 
0.696985 
-1.222891 -1.566767 0.870388 
0.438350 
-1.222891 -1.566767 1.218544 
-0.665041 
-1.222891 -1.566767 1.566699 
-1.607057 
-1.222891 -1.218614 -1.566699 
0.758543 
-1.222891 -1.218614 -1.218544 
0.192116 
-1.222891 -1.218614 -0.870388 
-1.002447 
-1.222891 -1.218614 -0.522233 
-1.716720 
-1.222891 -1.218614 -0.174078 
-1.297987 
-1.222891 -1.218614 0.174078 
-0.128078 
-1.222891 -1.218614 0.522233 
0.709312 
-1.222891 -1.218614 0.870388 
0.450676 
-1.222891 -1.218614 1.218544 
-0.666244 
-1.222891 -1.218614 1.566699 
-1.618181 
-1.222891 -0.870460 -1.566699 
0.770870 
-1.222891 -0.870460 -1.218544 
0.192116 
-1.222891 -0.870460 -0.870388 
-1.008610 
-1.222891 -0.870460 -0.522233 
-1.728971 
-1.222891 -0.870460 -0.174078 
-1.306631 
-1.222891 -0.870460 0.174078 
-0.128078 
-1.222891 -0.870460 0.522233 
0.721639 
-1.222891 -0.870460 0.870388 
0.463003 
-1.222891 -0.870460 1.218544 
-0.667446 
-1.222891 -0.870460 1.566699 
-1.629230 
-1.222891 -0.522306 -1.566699 
0.783197 
-1.222891 -0.522306 -1.218544 
0.204368 
-1.222891 -0.522306 -0.870388 
-1.013496 
-1.222891 -0.522306 -0.522233 
-1.741298 
-1.222891 -0.522306 -0.174078 
-1.313997 
-1.222891 -0.522306 0.174078 
-0.128078 
-1.222891 -0.522306 0.522233 
0.733965 
-1.222891 -0.522306 0.870388 
0.475330 
-1.222891 -0.522306 1.218544 
-0.669927 
-1.222891 -0.522306 1.566699 
-1.641557 
-1.222891 -0.174152 -1.566699 
0.795524 
-1.222891 -0.174152 -1.218544 
0.204368 
-1.222891 -0.174152 -0.870388 
-1.018457 
-1.222891 -0.174152 -0.522233 
-1.753625 
-1.222891 -0.174152 -0.174078 
-1.322641 
-1.222891 -0.174152 0.174078 
-0.128078 
-1.222891 -0.174152 0.522233 
0.746217 
-1.222891 -0.174152 0.870388 
0.475330 
-1.222891 -0.174152 1.218544 
-0.671204 
-1.222891 -0.174152 1.566699 
-1.652681 
-1.222891 0.174002 -1.566699 
0.807850 
-1.222891 0.174002 -1.218544 
0.216695 
-1.222891 0.174002 -0.870388 
-1.023342 
-1.222891 0.174002 -0.522233 
-1.765951 
-1.222891 0.174002 -0.174078 
-1.330007 
-1.222891 0.174002 0.174078 
-0.115751 
-1.222891 0.174002 0.522233 
0.758543 
-1.222891 0.174002 0.870388 
0.487657 
-1.222891 0.174002 1.218544 
-0.673609 
-1.222891 0.174002 1.566699 
-1.663730 
-1.222891 0.522156 -1.566699 
0.820102 
-1.222891 0.522156 -1.218544 
0.216695 
-1.222891 0.522156 -0.870388 
-1.028303 
-1.222891 0.522156 -0.522233 
-1.777000 
-1.222891 0.522156 -0.174078 
-1.338650 
-1.222891 0.522156 0.174078 
-0.115751 
-1.222891 0.522156 0.522233 
0.770870 
-1.222891 0.522156 0.870388 
0.499983 
-1.222891 0.522156 1.218544 
-0.674887 
-1.222891 0.522156 1.566699 
-1.674854 
-1.222891 0.870314 -1.566699 
0.832429 
-1.222891 0.870314 -1.218544 
0.229021 
-1.222891 0.870314 -0.870388 
-1.033189 
-1.222891 0.870314 -0.522233 
-1.789327 
-1.222891 0.870314 -0.174078 
-1.346016 
-1.222891 0.870314 0.174078 
-0.115751 
-1.222891 0.870314 0.522233 
0.783197 
-1.222891 0.870314 0.870388 
0.512235 
-1.222891 0.870314 1.218544 
-0.677368 
-1.222891 0.870314 1.566699 
-1.685903 
-1.222891 1.218468 -1.566699 
0.844755 
-1.222891 1.218468 -1.218544 
0.229021 
-1.222891 1.218468 -0.870388 
-1.038149 
-1.222891 1.218468 -0.522233 
-1.801654 
-1.222891 1.218468 -0.174078 
-1.354660 
-1.222891 1.218468 0.174078 
-0.103499 
-1.222891 1.218468 0.522233 
0.795524 
-1.222891 1.218468 0.870388 
0.512235 
-1.222891 1.218468 1.218544 
-0.678570 
-1.222891 1.218468 1.566699 
-1.696952 
-1.222891 1.566622 -1.566699 
0.857082 
-1.222891 1.566622 -1.218544 
0.241348 
-1.222891 1.566622 -0.870388 
-1.044313 
-1.222891 1.566622 -0.522233 
-1.813980 
-1.222891 1.566622 -0.174078 
-1.362026 
-1.222891 1.566622 0.174078 
-0.103499 
-1.222891 1.566622 0.522233 
0.807850 
-1.222891 1.566622 0.870388 
0.524562 
-1.222891 1.566622 1.218544 
-0.681051 
-1.222891 1.566622 1.566699 
-1.708076 
-0.874617 -1.566767 -1.566699 
0.869409 
-0.874617 -1.566767 -1.218544 
0.302906 
-0.874617 -1.566767 -0.870388 
-0.874370 
-0.874617 -1.566767 -0.522233 
-1.581201 
-0.874617 -1.566767 -0.174078 
-1.167429 
-0.874617 -1.566767 0.174078 
-0.017287 
-0.874617 -1.566767 0.522233 
0.820102 
-0.874617 -1.566767 0.870388 
0.561542 
-0.874617 -1.566767 1.218544 
-0.546810 
-0.874617 -1.566767 1.566699 
-1.483940 
-0.874617 -1.218614 -1.566699 
0.881735 
-0.874617 -1.218614 -1.218544 
0.315233 
-0.874617 -1.218614 -0.870388 
-0.879255 
-0.874617 -1.218614 -0.522233 
-1.593528 
-0.874617 -1.218614 -0.174078 
-1.174871 
-0.874617 -1.218614 0.174078 
-0.004961 
-0.874617 -1.218614 0.522233 
0.832429 
-0.874617 -1.218614 0.870388 
0.573868 
-0.874617 -1.218614 1.218544 
-0.546810 
-0.874617 -1.218614 1.566699 
-1.494989 
-0.874617 -0.870460 -1.566699 
0.893987 
-0.874617 -0.870460 -1.218544 
0.315233 
-0.874617 -0.870460 -0.870388 
-0.884216 
-0.874617 -0.870460 -0.522233 
-1.605854 
-0.874617 -0.870460 -0.174078 
-1.183439 
-0.874617 -0.870460 0.174078 
-0.004961 
-0.874617 -0.870460 0.522233 
0.844755 
-0.874617 -0.870460 0.870388 
0.586120 
-0.874617 -0.870460 1.218544 
-0.546810 
-0.874617 -0.870460 1.566699 
-1.506113 
-0.874617 -0.522306 -1.566699 
0.906314 
-0.874617 -0.522306 -1.218544 
0.327560 
-0.874617 -0.522306 -0.870388 
-0.890379 
-0.874617 -0.522306 -0.522233 
-1.618181 
-0.874617 -0.522306 -0.174078 
-1.190880 
-0.874617 -0.522306 0.174078 
-0.004961 
-0.874617 -0.522306 0.522233 
0.857082 
-0.874617 -0.522306 0.870388 
0.598447 
-0.874617 -0.522306 1.218544 
-0.546810 
-0.874617 -0.522306 1.566699 
-1.517162 
-0.874617 -0.174152 -1.566699 
0.918640 
-0.874617 -0.174152 -1.218544 
0.327560 
-0.874617 -0.174152 -0.870388 
-0.895265 
-0.874617 -0.174152 -0.522233 
-1.630508 
-0.874617 -0.174152 -0.174078 
-1.199449 
-0.874617 -0.174152 0.174078 
-0.004961 
-0.874617 -0.174152 0.522233 
0.869409 
-0.874617 -0.174152 0.870388 
0.598447 
-0.874617 -0.174152 1.218544 
-0.546810 
-0.874617 -0.174152 1.566699 
-1.529489 
-0.874617 0.174002 -1.566699 
0.930967 
-0.874617 0.174002 -1.218544 
0.339886 
-0.874617 0.174002 -0.870388 
-0.900226 
-0.874617 0.174002 -0.522233 
-1.641557 
-0.874617 0.174002 -0.174078 
-1.206890 
-0.874617 0.174002 0.174078 
0.007366 
-0.874617 0.174002 0.522233 
0.881735 
-0.874617 0.174002 0.870388 
0.610773 
-0.874617 0.174002 1.218544 
-0.546810 
-0.874617 0.174002 1.566699 
-1.540613 
-0.874617 0.522156 -1.566699 
0.943294 
-0.874617 0.522156 -1.218544 
0.339886 
-0.874617 0.522156 -0.870388 
-0.905186 
-0.874617 0.522156 -0.522233 
-1.653883 
-0.874617 0.522156 -0.174078 
-1.215459 
-0.874617 0.522156 0.174078 
0.007366 
-0.874617 0.522156 0.522233 
0.893987 
-0.874617 0.522156 0.870388 
0.623100 
-0.874617 0.522156 1.218544 
-0.546810 
-0.874617 0.522156 1.566699 
-1.551662 
-0.874617 0.870314 -1.566699 
0.955621 
-0.874617 0.870314 -1.218544 
0.352213 
-0.874617 0.870314 -0.870388 
-0.910072 
-0.874617 0.870314 -0.522233 
-1.666210 
-0.874617 0.870314 -0.174078 
-1.222900 
-0.874617 0.870314 0.174078 
0.007366 
-0.874617 0.870314 0.522233 
0.906314 
-0.874617 0.870314 0.870388 
0.635427 
-0.874617 0.870314 1.218544 
-0.559136 
-0.874617 0.870314 1.566699 
-1.562786 
-0.874617 1.218468 -1.566699 
0.967947 
-0.874617 1.218468 -1.218544 
0.352213 
-0.874617 1.218468 -0.870388 
-0.915033 
-0.874617 1.218468 -0.522233 
-1.678537 
-0.874617 1.218468 -0.174078 
-1.231468 
-0.874617 1.218468 0.174078 
0.019693 
-0.874617 1.218468 0.522233 
0.918640 
-0.874617 1.218468 0.870388 
0.635427 
-0.874617 1.218468 1.218544 
-0.559136 
-0.874617 1.218468 1.566699 
-1.573835 
-0.874617 1.566622 -1.566699 
0.980199 
-0.874617 1.566622 -1.218544 
0.364465 
-0.874617 1.566622 -0.870388 
-0.921196 
-0.874617 1.566622 -0.522233 
-1.690864 
-0.874617 1.566622 -0.174078 
-1.238909 
-0.874617 1.566622 0.174078 
0.019693 
-0.874617 1.566622 0.522233 
0.930967 
-0.874617 1.566622 0.870388 
0.647753 
-0.874617 1.566622 1.218544 
-0.559136 
-0.874617 1.566622 1.566699 
-1.584959 
-0.526555 -1.566767 -1.566699 
0.992525 
-0.526555 -1.566767 -1.218544 
0.426098 
-0.526555 -1.566767 -0.870388 
-0.751253 
-0.526555 -1.566767 -0.522233 
-1.458084 
-0.526555 -1.566767 -0.174078 
-1.044313 
-0.526555 -1.566767 0.174078 
0.105904 
-0.526555 -1.566767 0.522233 
0.943294 
-0.526555 -1.566767 0.870388 
0.684658 
-0.526555 -1.566767 1.218544 
-0.423618 
-0.526555 -1.566767 1.566699 
-1.360824 
-0.526555 -1.218614 -1.566699 
1.004852 
-0.526555 -1.218614 -1.218544 
0.438350 
-0.526555 -1.218614 -0.870388 
-0.756138 
-0.526555 -1.218614 -0.522233 
-1.470411 
-0.526555 -1.218614 -0.174078 
-1.051679 
-0.526555 -1.218614 0.174078 
0.118231 
-0.526555 -1.218614 0.522233 
0.955621 
-0.526555 -1.218614 0.870388 
0.696985 
-0.526555 -1.218614 1.218544 
-0.423618 
-0.526555 -1.218614 1.566699 
-1.371872 
-0.526555 -0.870460 -1.566699 
1.017179 
-0.526555 -0.870460 -1.218544 
0.438350 
-0.526555 -0.870460 -0.870388 
-0.762302 
-0.526555 -0.870460 -0.522233 
-1.482738 
-0.526555 -0.870460 -0.174078 
-1.060322 
-0.526555 -0.870460 0.174078 
0.118231 
-0.526555 -0.870460 0.522233 
0.967947 
-0.526555 -0.870460 0.870388 
0.709312 
-0.526555 -0.870460 1.218544 
-0.423618 
-0.526555 -0.870460 1.566699 
-1.382997 
-0.526555 -0.522306 -1.566699 
1.029506 
-0.526555 -0.522306 -1.218544 
0.450676 
-0.526555 -0.522306 -0.870388 
-0.767262 
-0.526555 -0.522306 -0.522233 
-1.494989 
-0.526555 -0.522306 -0.174078 
-1.067688 
-0.526555 -0.522306 0.174078 
0.118231 
-0.526555 -0.522306 0.522233 
0.980199 
-0.526555 -0.522306 0.870388 
0.721639 
-0.526555 -0.522306 1.218544 
-0.423618 
-0.526555 -0.522306 1.566699 
-1.394045 
-0.526555 -0.174152 -1.566699 
1.041832 
-0.526555 -0.174152 -1.218544 
0.450676 
-0.526555 -0.174152 -0.870388 
-0.772148 
-0.526555 -0.174152 -0.522233 
-1.507316 
-0.526555 -0.174152 -0.174078 
-1.076332 
-0.526555 -0.174152 0.174078 
0.118231 
-0.526555 -0.174152 0.522233 
0.992525 
-0.526555 -0.174152 0.870388 
0.721639 
-0.526555 -0.174152 1.218544 
-0.423618 
-0.526555 -0.174152 1.566699 
-1.406372 
-0.526555 0.174002 -1.566699 
1.054084 
-0.526555 0.174002 -1.218544 
0.463003 
-0.526555 0.174002 -0.870388 
-0.777109 
-0.526555 0.174002 -0.522233 
-1.519643 
-0.526555 0.174002 -0.174078 
-1.083698 
-0.526555 0.174002 0.174078 
0.130483 
-0.526555 0.174002 0.522233 
1.004852 
-0.526555 0.174002 0.870388 
0.733965 
-0.526555 0.174002 1.218544 
-0.423618 
-0.526555 0.174002 1.566699 
-1.417421 
-0.526555 0.522156 -1.566699 
1.066411 
-0.526555 0.522156 -1.218544 
0.463003 
-0.526555 0.522156 -0.870388 
-0.781994 
-0.526555 0.522156 -0.522233 
-1.530767 
-0.526555 0.522156 -0.174078 
-1.092342 
-0.526555 0.522156 0.174078 
0.130483 
-0.526555 0.522156 0.522233 
1.017179 
-0.526555 0.522156 0.870388 
0.746217 
-0.526555 0.522156 1.218544 
-0.423618 
-0.526555 0.522156 1.566699 
-1.428545 
-0.526555 0.870314 -1.566699 
1.078737 
-0.526555 0.870314 -1.218544 
0.475330 
-0.526555 0.870314 -0.870388 
-0.786955 
-0.526555 0.870314 -0.522233 
-1.543018 
-0.526555 0.870314 -0.174078 
-1.099708 
-0.526555 0.870314 0.174078 
0.130483 
-0.526555 0.870314 0.522233 
1.029506 
-0.526555 0.870314 0.870388 
0.758543 
-0.526555 0.870314 1.218544 
-0.435945 
-0.526555 0.870314 1.566699 
-1.439594 
-0.526555 1.218468 -1.566699 
1.091064 
-0.526555 1.218468 -1.218544 
0.475330 
-0.526555 1.218468 -0.870388 
-0.791841 
-0.526555 1.218468 -0.522233 
-1.555345 
-0.526555 1.218468 -0.174078 
-1.108351 
-0.526555 1.218468 0.174078 
0.142809 
-0.526555 1.218468 0.522233 
1.041832 
-0.526555 1.218468 0.870388 
0.758543 
-0.526555 1.218468 1.218544 
-0.435945 
-0.526555 1.218468 1.566699 
-1.450718 
-0.526555 1.566622 -1.566699 
1.103391 
-0.526555 1.566622 -1.218544 
0.487657 
-0.526555 1.566622 -0.870388 
-0.798004 
-0.526555 1.566622 -0.522233 
-1.567672 
-0.526555 1.566622 -0.174078 
-1.115717 
-0.526555 1.566622 0.174078 
0.142809 
-0.526555 1.566622 0.522233 
1.054084 
-0.526555 1.566622 0.870388 
0.770870 
-0.526555 1.566622 1.218544 
-0.435945 
-0.526555 1.566622 1.566699 
-1.461767 
-0.178281 -1.566767 -1.566699 
1.115717 
-0.178281 -1.566767 -1.218544 
0.549215 
-0.178281 -1.566767 -0.870388 
-0.628061 
-0.178281 -1.566767 -0.522233 
-1.334967 
-0.178281 -1.566767 -0.174078 
-0.921196 
-0.178281 -1.566767 0.174078 
0.229021 
-0.178281 -1.566767 0.522233 
1.066411 
-0.178281 -1.566767 0.870388 
0.807850 
-0.178281 -1.566767 1.218544 
-0.300501 
-0.178281 -1.566767 1.566699 
-1.237632 
-0.178281 -1.218614 -1.566699 
1.127969 
-0.178281 -1.218614 -1.218544 
0.561542 
-0.178281 -1.218614 -0.870388 
-0.633022 
-0.178281 -1.218614 -0.522233 
-1.347219 
-0.178281 -1.218614 -0.174078 
-0.928562 
-0.178281 -1.218614 0.174078 
0.241348 
-0.178281 -1.218614 0.522233 
1.078737 
-0.178281 -1.218614 0.870388 
0.820102 
-0.178281 -1.218614 1.218544 
-0.300501 
-0.178281 -1.218614 1.566699 
-1.248756 
-0.178281 -0.870460 -1.566699 
1.140296 
-0.178281 -0.870460 -1.218544 
0.561542 
-0.178281 -0.870460 -0.870388 
-0.637907 
-0.178281 -0.870460 -0.522233 
-1.359546 
-0.178281 -0.870460 -0.174078 
-0.937206 
-0.178281 -0.870460 0.174078 
0.241348 
-0.178281 -0.870460 0.522233 
1.091064 
-0.178281 -0.870460 0.870388 
0.832429 
-0.178281 -0.870460 1.218544 
-0.300501 
-0.178281 -0.870460 1.566699 
-1.259805 
-0.178281 -0.522306 -1.566699 
1.152622 
-0.178281 -0.522306 -1.218544 
0.573868 
-0.178281 -0.522306 -0.870388 
-0.644071 
-0.178281 -0.522306 -0.522233 
-1.371872 
-0.178281 -0.522306 -0.174078 
-0.944572 
-0.178281 -0.522306 0.174078 
0.241348 
-0.178281 -0.522306 0.522233 
1.103391 
-0.178281 -0.522306 0.870388 
0.844755 
-0.178281 -0.522306 1.218544 
-0.300501 
-0.178281 -0.522306 1.566699 
-1.270929 
-0.178281 -0.174152 -1.566699 
1.164949 
-0.178281 -0.174152 -1.218544 
0.573868 
-0.178281 -0.174152 -0.870388 
-0.649031 
-0.178281 -0.174152 -0.522233 
-1.384199 
-0.178281 -0.174152 -0.174078 
-0.953215 
-0.178281 -0.174152 0.174078 
0.253675 
-0.178281 -0.174152 0.522233 
1.115717 
-0.178281 -0.174152 0.870388 
0.844755 
-0.178281 -0.174152 1.218544 
-0.300501 
-0.178281 -0.174152 1.566699 
-1.283180 
-0.178281 0.174002 -1.566699 
1.177276 
-0.178281 0.174002 -1.218544 
0.586120 
-0.178281 0.174002 -0.870388 
-0.653917 
-0.178281 0.174002 -0.522233 
-1.395248 
-0.178281 0.174002 -0.174078 
-0.960581 
-0.178281 0.174002 0.174078 
0.253675 
-0.178281 0.174002 0.522233 
1.127969 
-0.178281 0.174002 0.870388 
0.857082 
-0.178281 0.174002 1.218544 
-0.300501 
-0.178281 0.174002 1.566699 
-1.294304 
-0.178281 0.522156 -1.566699 
1.189602 
-0.178281 0.522156 -1.218544 
0.586120 
-0.178281 0.522156 -0.870388 
-0.658878 
-0.178281 0.522156 -0.522233 
-1.407575 
-0.178281 0.522156 -0.174078 
-0.969225 
-0.178281 0.522156 0.174078 
0.253675 
-0.178281 0.522156 0.522233 
1.140296 
-0.178281 0.522156 0.870388 
0.869409 
-0.178281 0.522156 1.218544 
-0.300501 
-0.178281 0.522156 1.566699 
-1.305353 
-0.178281 0.870314 -1.566699 
1.201854 
-0.178281 0.870314 -1.218544 
0.598447 
-0.178281 0.870314 -0.870388 
-0.663763 
-0.178281 0.870314 -0.522233 
-1.419901 
-0.178281 0.870314 -0.174078 
-0.976591 
-0.178281 0.870314 0.174078 
0.253675 
-0.178281 0.870314 0.522233 
1.152622 
-0.178281 0.870314 0.870388 
0.881735 
-0.178281 0.870314 1.218544 
-0.312828 
-0.178281 0.870314 1.566699 
-1.316477 
-0.178281 1.218468 -1.566699 
1.214181 
-0.178281 1.218468 -1.218544 
0.598447 
-0.178281 1.218468 -0.870388 
-0.668724 
-0.178281 1.218468 -0.522233 
-1.432228 
-0.178281 1.218468 -0.174078 
-0.985235 
-0.178281 1.218468 0.174078 
0.266001 
-0.178281 1.218468 0.522233 
1.164949 
-0.178281 1.218468 0.870388 
0.881735 
-0.178281 1.218468 1.218544 
-0.312828 
-0.178281 1.218468 1.566699 
-1.327526 
-0.178281 1.566622 -1.566699 
1.226507 
-0.178281 1.566622 -1.218544 
0.610773 
-0.178281 1.566622 -0.870388 
-0.674887 
-0.178281 1.566622 -0.522233 
-1.444555 
-0.178281 1.566622 -0.174078 
-0.992601 
-0.178281 1.566622 0.174078 
0.266001 
-0.178281 1.566622 0.522233 
1.177276 
-0.178281 1.566622 0.870388 
0.893987 
-0.178281 1.566622 1.218544 
-0.312828 
-0.178281 1.566622 1.566699 
-1.338650 
0.169781 -1.566767 -1.566699 
1.238834 
0.169781 -1.566767 -1.218544 
0.672332 
0.169781 -1.566767 -0.870388 
-0.509830 
0.169781 -1.566767 -0.522233 
-1.211776 
0.169781 -1.566767 -0.174078 
-0.798004 
0.169781 -1.566767 0.174078 
0.352213 
0.169781 -1.566767 0.522233 
1.189602 
0.169781 -1.566767 0.870388 
0.930967 
0.169781 -1.566767 1.218544 
-0.177384 
0.169781 -1.566767 1.566699 
-1.114515 
0.169781 -1.218614 -1.566699 
1.251161 
0.169781 -1.218614 -1.218544 
0.684658 
0.169781 -1.218614 -0.870388 
-0.509830 
0.169781 -1.218614 -0.522233 
-1.224102 
0.169781 -1.218614 -0.174078 
-0.805370 
0.169781 -1.218614 0.174078 
0.364465 
0.169781 -1.218614 0.522233 
1.201854 
0.169781 -1.218614 0.870388 
0.943294 
0.169781 -1.218614 1.218544 
-0.177384 
0.169781 -1.218614 1.566699 
-1.125564 
0.169781 -0.870460 -1.566699 
1.263488 
0.169781 -0.870460 -1.218544 
0.684658 
0.169781 -0.870460 -0.870388 
-0.509830 
0.169781 -0.870460 -0.522233 
-1.236429 
0.169781 -0.870460 -0.174078 
-0.814014 
0.169781 -0.870460 0.174078 
0.364465 
0.169781 -0.870460 0.522233 
1.214181 
0.169781 -0.870460 0.870388 
0.955621 
0.169781 -0.870460 1.218544 
-0.177384 
0.169781 -0.870460 1.566699 
-1.136688 
0.169781 -0.522306 -1.566699 
1.275814 
0.169781 -0.522306 -1.218544 
0.696985 
0.169781 -0.522306 -0.870388 
-0.522156 
0.169781 -0.522306 -0.522233 
-1.248756 
0.169781 -0.522306 -0.174078 
-0.821380 
0.169781 -0.522306 0.174078 
0.364465 
0.169781 -0.522306 0.522233 
1.226507 
0.169781 -0.522306 0.870388 
0.967947 
0.169781 -0.522306 1.218544 
-0.177384 
0.169781 -0.522306 1.566699 
-1.147737 
0.169781 -0.174152 -1.566699 
1.288066 
0.169781 -0.174152 -1.218544 
0.696985 
0.169781 -0.174152 -0.870388 
-0.522156 
0.169781 -0.174152 -0.522233 
-1.261082 
0.169781 -0.174152 -0.174078 
-0.830023 
0.169781 -0.174152 0.174078 
0.364465 
0.169781 -0.174152 0.522233 
1.238834 
0.169781 -0.174152 0.870388 
0.967947 
0.169781 -0.174152 1.218544 
-0.177384 
0.169781 -0.174152 1.566699 
-1.160064 
0.169781 0.174002 -1.566699 
1.300393 
0.169781 0.174002 -1.218544 
0.709312 
0.169781 0.174002 -0.870388 
-0.534483 
0.169781 0.174002 -0.522233 
-1.272131 
0.169781 0.174002 -0.174078 
-0.837389 
0.169781 0.174002 0.174078 
0.376791 
0.169781 0.174002 0.522233 
1.251161 
0.169781 0.174002 0.870388 
0.980199 
0.169781 0.174002 1.218544 
-0.177384 
0.169781 0.174002 1.566699 
-1.171112 
0.169781 0.522156 -1.566699 
1.312719 
0.169781 0.522156 -1.218544 
0.709312 
0.169781 0.522156 -0.870388 
-0.534483 
0.169781 0.522156 -0.522233 
-1.284458 
0.169781 0.522156 -0.174078 
-0.846033 
0.169781 0.522156 0.174078 
0.376791 
0.169781 0.522156 0.522233 
1.263488 
0.169781 0.522156 0.870388 
0.992525 
0.169781 0.522156 1.218544 
-0.177384 
0.169781 0.522156 1.566699 
-1.182237 
0.169781 0.870314 -1.566699 
1.325046 
0.169781 0.870314 -1.218544 
0.721639 
0.169781 0.870314 -0.870388 
-0.546810 
0.169781 0.870314 -0.522233 
-1.296785 
0.169781 0.870314 -0.174078 
-0.853399 
0.169781 0.870314 0.174078 
0.376791 
0.169781 0.870314 0.522233 
1.275814 
0.169781 0.870314 0.870388 
1.004852 
0.169781 0.870314 1.218544 
-0.189636 
0.169781 0.870314 1.566699 
-1.193285 
0.169781 1.218468 -1.566699 
1.337373 
0.169781 1.218468 -1.218544 
0.721639 
0.169781 1.218468 -0.870388 
-0.546810 
0.169781 1.218468 -0.522233 
-1.309036 
0.169781 1.218468 -0.174078 
-0.862043 
0.169781 1.218468 0.174078 
0.389118 
0.169781 1.218468 0.522233 
1.288066 
0.169781 1.218468 0.870388 
1.004852 
0.169781 1.218468 1.218544 
-0.189636 
0.169781 1.218468 1.566699 
-1.204410 
0.169781 1.566622 -1.566699 
1.349699 
0.169781 1.566622 -1.218544 
0.733965 
0.169781 1.566622 -0.870388 
-0.546810 
0.169781 1.566622 -0.522233 
-1.321363 
0.169781 1.566622 -0.174078 
-0.869409 
0.169781 1.566622 0.174078 
0.389118 
0.169781 1.566622 0.522233 
1.300393 
0.169781 1.566622 0.870388 
1.017179 
0.169781 1.566622 1.218544 
-0.189636 
0.169781 1.566622 1.566699 
-1.215459 
0.517843 -1.566767 -1.566699 
1.361951 
0.517843 -1.566767 -1.218544 
0.795524 
0.517843 -1.566767 -0.870388 
-0.386713 
0.517843 -1.566767 -0.522233 
-1.088659 
0.517843 -1.566767 -0.174078 
-0.674887 
0.517843 -1.566767 0.174078 
0.475330 
0.517843 -1.566767 0.522233 
1.312719 
0.517843 -1.566767 0.870388 
1.054084 
0.517843 -1.566767 1.218544 
-0.054192 
0.517843 -1.566767 1.566699 
-0.991323 
0.517843 -1.218614 -1.566699 
1.374278 
0.517843 -1.218614 -1.218544 
0.807850 
0.517843 -1.218614 -0.870388 
-0.386713 
0.517843 -1.218614 -0.522233 
-1.100986 
0.517843 -1.218614 -0.174078 
-0.682253 
0.517843 -1.218614 0.174078 
0.487657 
0.517843 -1.218614 0.522233 
1.325046 
0.517843 -1.218614 0.870388 
1.066411 
0.517843 -1.218614 1.218544 
-0.054192 
0.517843 -1.218614 1.566699 
-1.002447 
0.517843 -0.870460 -1.566699 
1.386604 
0.517843 -0.870460 -1.218544 
0.807850 
0.517843 -0.870460 -0.870388 
-0.386713 
0.517843 -0.870460 -0.522233 
-1.113237 
0.517843 -0.870460 -0.174078 
-0.690897 
0.517843 -0.870460 0.174078 
0.487657 
0.517843 -0.870460 0.522233 
1.337373 
0.517843 -0.870460 0.870388 
1.078737 
0.517843 -0.870460 1.218544 
-0.054192 
0.517843 -0.870460 1.566699 
-1.013496 
0.517843 -0.522306 -1.566699 
1.398931 
0.517843 -0.522306 -1.218544 
0.820102 
0.517843 -0.522306 -0.870388 
-0.399040 
0.517843 -0.522306 -0.522233 
-1.125564 
0.517843 -0.522306 -0.174078 
-0.698263 
0.517843 -0.522306 0.174078 
0.487657 
0.517843 -0.522306 0.522233 
1.349699 
0.517843 -0.522306 0.870388 
1.091064 
0.517843 -0.522306 1.218544 
-0.054192 
0.517843 -0.522306 1.566699 
-1.025823 
0.517843 -0.174152 -1.566699 
1.411258 
0.517843 -0.174152 -1.218544 
0.820102 
0.517843 -0.174152 -0.870388 
-0.399040 
0.517843 -0.174152 -0.522233 
-1.137890 
0.517843 -0.174152 -0.174078 
-0.706907 
0.517843 -0.174152 0.174078 
0.487657 
0.517843 -0.174152 0.522233 
1.361951 
0.517843 -0.174152 0.870388 
1.091064 
0.517843 -0.174152 1.218544 
-0.054192 
0.517843 -0.174152 1.566699 
-1.036947 
0.517843 0.174002 -1.566699 
1.423584 
0.517843 0.174002 -1.218544 
0.832429 
0.517843 0.174002 -0.870388 
-0.411366 
0.517843 0.174002 -0.522233 
-1.150217 
0.517843 0.174002 -0.174078 
-0.714273 
0.517843 0.174002 0.174078 
0.499983 
0.517843 0.174002 0.522233 
1.374278 
0.517843 0.174002 0.870388 
1.103391 
0.517843 0.174002 1.218544 
-0.054192 
0.517843 0.174002 1.566699 
-1.047996 
0.517843 0.522156 -1.566699 
1.435836 
0.517843 0.522156 -1.218544 
0.832429 
0.517843 0.522156 -0.870388 
-0.411366 
0.517843 0.522156 -0.522233 
-1.161266 
0.517843 0.522156 -0.174078 
-0.722916 
0.517843 0.522156 0.174078 
0.499983 
0.517843 0.522156 0.522233 
1.386604 
0.517843 0.522156 0.870388 
1.115717 
0.517843 0.522156 1.218544 
-0.054192 
0.517843 0.522156 1.566699 
-1.059120 
0.517843 0.870314 -1.566699 
1.448163 
0.517843 0.870314 -1.218544 
0.844755 
0.517843 0.870314 -0.870388 
-0.423618 
0.517843 0.870314 -0.522233 
-1.173593 
0.517843 0.870314 -0.174078 
-0.730282 
0.517843 0.870314 0.174078 
0.499983 
0.517843 0.870314 0.522233 
1.398931 
0.517843 0.870314 0.870388 
1.127969 
0.517843 0.870314 1.218544 
-0.066519 
0.517843 0.870314 1.566699 
-1.070169 
0.517843 1.218468 -1.566699 
1.460489 
0.517843 1.218468 -1.218544 
0.844755 
0.517843 1.218468 -0.870388 
-0.423618 
0.517843 1.218468 -0.522233 
-1.185920 
0.517843 1.218468 -0.174078 
-0.738926 
0.517843 1.218468 0.174078 
0.512235 
0.517843 1.218468 0.522233 
1.411258 
0.517843 1.218468 0.870388 
1.127969 
0.517843 1.218468 1.218544 
-0.066519 
0.517843 1.218468 1.566699 
-1.081218 
0.517843 1.566622 -1.566699 
1.472816 
0.517843 1.566622 -1.218544 
0.857082 
0.517843 1.566622 -0.870388 
-0.423618 
0.517843 1.566622 -0.522233 
-1.198246 
0.517843 1.566622 -0.174078 
-0.746292 
0.517843 1.566622 0.174078 
0.512235 
0.517843 1.566622 0.522233 
1.423584 
0.517843 1.566622 0.870388 
1.140296 
0.517843 1.566622 1.218544 
-0.066519 
0.517843 1.566622 1.566699 
-1.092342 
0.866117 -1.566767 -1.566699 
1.485143 
0.866117 -1.566767 -1.218544 
0.918640 
0.866117 -1.566767 -0.870388 
-0.263521 
0.866117 -1.566767 -0.522233 
-0.965467 
0.866117 -1.566767 -0.174078 
-0.546810 
0.866117 -1.566767 0.174078 
0.598447 
0.866117 -1.566767 0.522233 
1.435836 
0.866117 -1.566767 0.870388 
1.177276 
0.866117 -1.566767 1.218544 
0.068924 
0.866117 -1.566767 1.566699 
-0.868206 
0.866117 -1.218614 -1.566699 
1.497470 
0.866117 -1.218614 -1.218544 
0.930967 
0.866117 -1.218614 -0.870388 
-0.263521 
0.866117 -1.218614 -0.522233 
-0.977794 
0.866117 -1.218614 -0.174078 
-0.559136 
0.866117 -1.218614 0.174078 
0.610773 
0.866117 -1.218614 0.522233 
1.448163 
0.866117 -1.218614 0.870388 
1.189602 
0.866117 -1.218614 1.218544 
0.068924 
0.866117 -1.218614 1.566699 
-0.879255 
0.866117 -0.870460 -1.566699 
1.509721 
0.866117 -0.870460 -1.218544 
0.930967 
0.866117 -0.870460 -0.870388 
-0.263521 
0.866117 -0.870460 -0.522233 
-0.990120 
0.866117 -0.870460 -0.174078 
-0.571388 
0.866117 -0.870460 0.174078 
0.610773 
0.866117 -0.870460 0.522233 
1.460489 
0.866117 -0.870460 0.870388 
1.201854 
0.866117 -0.870460 1.218544 
0.068924 
0.866117 -0.870460 1.566699 
-0.890379 
0.866117 -0.522306 -1.566699 
1.522048 
0.866117 -0.522306 -1.218544 
0.943294 
0.866117 -0.522306 -0.870388 
-0.275848 
0.866117 -0.522306 -0.522233 
-1.002447 
0.866117 -0.522306 -0.174078 
-0.571388 
0.866117 -0.522306 0.174078 
0.610773 
0.866117 -0.522306 0.522233 
1.472816 
0.866117 -0.522306 0.870388 
1.214181 
0.866117 -0.522306 1.218544 
0.068924 
0.866117 -0.522306 1.566699 
-0.901428 
0.866117 -0.174152 -1.566699 
1.534374 
0.866117 -0.174152 -1.218544 
0.943294 
0.866117 -0.174152 -0.870388 
-0.275848 
0.866117 -0.174152 -0.522233 
-1.014774 
0.866117 -0.174152 -0.174078 
-0.583715 
0.866117 -0.174152 0.174078 
0.610773 
0.866117 -0.174152 0.522233 
1.485143 
0.866117 -0.174152 0.870388 
1.214181 
0.866117 -0.174152 1.218544 
0.068924 
0.866117 -0.174152 1.566699 
-0.913755 
0.866117 0.174002 -1.566699 
1.546701 
0.866117 0.174002 -1.218544 
0.955621 
0.866117 0.174002 -0.870388 
-0.288174 
0.866117 0.174002 -0.522233 
-1.025823 
0.866117 0.174002 -0.174078 
-0.596041 
0.866117 0.174002 0.174078 
0.623100 
0.866117 0.174002 0.522233 
1.497470 
0.866117 0.174002 0.870388 
1.226507 
0.866117 0.174002 1.218544 
0.068924 
0.866117 0.174002 1.566699 
-0.924879 
0.866117 0.522156 -1.566699 
1.559028 
0.866117 0.522156 -1.218544 
0.955621 
0.866117 0.522156 -0.870388 
-0.288174 
0.866117 0.522156 -0.522233 
-1.038149 
0.866117 0.522156 -0.174078 
-0.596041 
0.866117 0.522156 0.174078 
0.623100 
0.866117 0.522156 0.522233 
1.509721 
0.866117 0.522156 0.870388 
1.238834 
0.866117 0.522156 1.218544 
0.068924 
0.866117 0.522156 1.566699 
-0.935928 
0.866117 0.870314 -1.566699 
1.571355 
0.866117 0.870314 -1.218544 
0.967947 
0.866117 0.870314 -0.870388 
-0.300501 
0.866117 0.870314 -0.522233 
-1.050476 
0.866117 0.870314 -0.174078 
-0.608368 
0.866117 0.870314 0.174078 
0.623100 
0.866117 0.870314 0.522233 
1.522048 
0.866117 0.870314 0.870388 
1.251161 
0.866117 0.870314 1.218544 
0.056598 
0.866117 0.870314 1.566699 
-0.947052 
0.866117 1.218468 -1.566699 
1.583681 
0.866117 1.218468 -1.218544 
0.967947 
0.866117 1.218468 -0.870388 
-0.300501 
0.866117 1.218468 -0.522233 
-1.062803 
0.866117 1.218468 -0.174078 
-0.615734 
0.866117 1.218468 0.174078 
0.635427 
0.866117 1.218468 0.522233 
1.534374 
0.866117 1.218468 0.870388 
1.251161 
0.866117 1.218468 1.218544 
0.056598 
0.866117 1.218468 1.566699 
-0.958101 
0.866117 1.566622 -1.566699 
1.595933 
0.866117 1.566622 -1.218544 
0.980199 
0.866117 1.566622 -0.870388 
-0.300501 
0.866117 1.566622 -0.522233 
-1.075130 
0.866117 1.566622 -0.174078 
-0.623175 
0.866117 1.566622 0.174078 
0.635427 
0.866117 1.566622 0.522233 
1.546701 
0.866117 1.566622 0.870388 
1.263488 
0.866117 1.566622 1.218544 
0.056598 
0.866117 1.566622 1.566699 
-0.969225 
1.214179 -1.566767 -1.566699 
1.608260 
1.214179 -1.566767 -1.218544 
1.041832 
1.214179 -1.566767 -0.870388 
-0.140404 
1.214179 -1.566767 -0.522233 
-0.842350 
1.214179 -1.566767 -0.174078 
-0.423618 
1.214179 -1.566767 0.174078 
0.721639 
1.214179 -1.566767 0.522233 
1.559028 
1.214179 -1.566767 0.870388 
1.300393 
1.214179 -1.566767 1.218544 
0.192116 
1.214179 -1.566767 1.566699 
-0.745089 
1.214179 -1.218614 -1.566699 
1.620586 
1.214179 -1.218614 -1.218544 
1.054084 
1.214179 -1.218614 -0.870388 
-0.140404 
1.214179 -1.218614 -0.522233 
-0.854677 
1.214179 -1.218614 -0.174078 
-0.435945 
1.214179 -1.218614 0.174078 
0.733965 
1.214179 -1.218614 0.522233 
1.571355 
1.214179 -1.218614 0.870388 
1.312719 
1.214179 -1.218614 1.218544 
0.192116 
1.214179 -1.218614 1.566699 
-0.756138 
1.214179 -0.870460 -1.566699 
1.632913 
1.214179 -0.870460 -1.218544 
1.054084 
1.214179 -0.870460 -0.870388 
-0.140404 
1.214179 -0.870460 -0.522233 
-0.867004 
1.214179 -0.870460 -0.174078 
-0.448271 
1.214179 -0.870460 0.174078 
0.733965 
1.214179 -0.870460 0.522233 
1.583681 
1.214179 -0.870460 0.870388 
1.325046 
1.214179 -0.870460 1.218544 
0.192116 
1.214179 -0.870460 1.566699 
-0.767262 
1.214179 -0.522306 -1.566699 
1.645240 
1.214179 -0.522306 -1.218544 
1.066411 
1.214179 -0.522306 -0.870388 
-0.152731 
1.214179 -0.522306 -0.522233 
-0.879255 
1.214179 -0.522306 -0.174078 
-0.448271 
1.214179 -0.522306 0.174078 
0.733965 
1.214179 -0.522306 0.522233 
1.595933 
1.214179 -0.522306 0.870388 
1.337373 
1.214179 -0.522306 1.218544 
0.192116 
1.214179 -0.522306 1.566699 
-0.778311 
1.214179 -0.174152 -1.566699 
1.657566 
1.214179 -0.174152 -1.218544 
1.066411 
1.214179 -0.174152 -0.870388 
-0.152731 
1.214179 -0.174152 -0.522233 
-0.891582 
1.214179 -0.174152 -0.174078 
-0.460598 
1.214179 -0.174152 0.174078 
0.733965 
1.214179 -0.174152 0.522233 
1.608260 
1.214179 -0.174152 0.870388 
1.337373 
1.214179 -0.174152 1.218544 
0.192116 
1.214179 -0.174152 1.566699 
-0.790638 
1.214179 0.174002 -1.566699 
1.669818 
1.214179 0.174002 -1.218544 
1.078737 
1.214179 0.174002 -0.870388 
-0.165058 
1.214179 0.174002 -0.522233 
-0.903908 
1.214179 0.174002 -0.174078 
-0.472925 
1.214179 0.174002 0.174078 
0.746217 
1.214179 0.174002 0.522233 
1.620586 
1.214179 0.174002 0.870388 
1.349699 
1.214179 0.174002 1.218544 
0.192116 
1.214179 0.174002 1.566699 
-0.801687 
1.214179 0.522156 -1.566699 
1.682145 
1.214179 0.522156 -1.218544 
1.078737 
1.214179 0.522156 -0.870388 
-0.165058 
1.214179 0.522156 -0.522233 
-0.915033 
1.214179 0.522156 -0.174078 
-0.472925 
1.214179 0.522156 0.174078 
0.746217 
1.214179 0.522156 0.522233 
1.632913 
1.214179 0.522156 0.870388 
1.361951 
1.214179 0.522156 1.218544 
0.192116 
1.214179 0.522156 1.566699 
-0.812811 
1.214179 0.870314 -1.566699 
1.694471 
1.214179 0.870314 -1.218544 
1.091064 
1.214179 0.870314 -0.870388 
-0.177384 
1.214179 0.870314 -0.522233 
-0.927284 
1.214179 0.870314 -0.174078 
-0.485251 
1.214179 0.870314 0.174078 
0.746217 
1.214179 0.870314 0.522233 
1.645240 
1.214179 0.870314 0.870388 
1.374278 
1.214179 0.870314 1.218544 
0.179790 
1.214179 0.870314 1.566699 
-0.823860 
1.214179 1.218468 -1.566699 
1.706798 
1.214179 1.218468 -1.218544 
1.091064 
1.214179 1.218468 -0.870388 
-0.177384 
1.214179 1.218468 -0.522233 
-0.939611 
1.214179 1.218468 -0.174078 
-0.497503 
1.214179 1.218468 0.174078 
0.758543 
1.214179 1.218468 0.522233 
1.657566 
1.214179 1.218468 0.870388 
1.374278 
1.214179 1.218468 1.218544 
0.179790 
1.214179 1.218468 1.566699 
-0.834984 
1.214179 1.566622 -1.566699 
1.719125 
1.214179 1.566622 -1.218544 
1.103391 
1.214179 1.566622 -0.870388 
-0.177384 
1.214179 1.566622 -0.522233 
-0.951938 
1.214179 1.566622 -0.174078 
-0.497503 
1.214179 1.566622 0.174078 
0.758543 
1.214179 1.566622 0.522233 
1.669818 
1.214179 1.566622 0.870388 
1.386604 
1.214179 1.566622 1.218544 
0.179790 
1.214179 1.566622 1.566699 
-0.846033 
1.562453 -1.566767 -1.566699 
1.731452 
1.562453 -1.566767 -1.218544 
1.164949 
1.562453 -1.566767 -0.870388 
-0.017287 
1.562453 -1.566767 -0.522233 
-0.719233 
1.562453 -1.566767 -0.174078 
-0.300501 
1.562453 -1.566767 0.174078 
0.844755 
1.562453 -1.566767 0.522233 
1.682145 
1.562453 -1.566767 0.870388 
1.423584 
1.562453 -1.566767 1.218544 
0.315233 
1.562453 -1.566767 1.566699 
-0.621897 
1.562453 -1.218614 -1.566699 
1.743703 
1.562453 -1.218614 -1.218544 
1.177276 
1.562453 -1.218614 -0.870388 
-0.017287 
1.562453 -1.218614 -0.522233 
-0.731485 
1.562453 -1.218614 -0.174078 
-0.312828 
1.562453 -1.218614 0.174078 
0.857082 
1.562453 -1.218614 0.522233 
1.694471 
1.562453 -1.218614 0.870388 
1.435836 
1.562453 -1.218614 1.218544 
0.315233 
1.562453 -1.218614 1.566699 
-0.633022 
1.562453 -0.870460 -1.566699 
1.756030 
1.562453 -0.870460 -1.218544 
1.177276 
1.562453 -0.870460 -0.870388 
-0.017287 
1.562453 -0.870460 -0.522233 
-0.743812 
1.562453 -0.870460 -0.174078 
-0.325155 
1.562453 -0.870460 0.174078 
0.857082 
1.562453 -0.870460 0.522233 
1.706798 
1.562453 -0.870460 0.870388 
1.448163 
1.562453 -0.870460 1.218544 
0.315233 
1.562453 -0.870460 1.566699 
-0.644071 
1.562453 -0.522306 -1.566699 
1.768356 
1.562453 -0.522306 -1.218544 
1.189602 
1.562453 -0.522306 -0.870388 
-0.029614 
1.562453 -0.522306 -0.522233 
-0.756138 
1.562453 -0.522306 -0.174078 
-0.325155 
1.562453 -0.522306 0.174078 
0.857082 
1.562453 -0.522306 0.522233 
1.719125 
1.562453 -0.522306 0.870388 
1.460489 
1.562453 -0.522306 1.218544 
0.315233 
1.562453 -0.522306 1.566699 
-0.655195 
1.562453 -0.174152 -1.566699 
1.780683 
1.562453 -0.174152 -1.218544 
1.189602 
1.562453 -0.174152 -0.870388 
-0.029614 
1.562453 -0.174152 -0.522233 
-0.768465 
1.562453 -0.174152 -0.174078 
-0.337481 
1.562453 -0.174152 0.174078 
0.869409 
1.562453 -0.174152 0.522233 
1.731452 
1.562453 -0.174152 0.870388 
1.460489 
1.562453 -0.174152 1.218544 
0.315233 
1.562453 -0.174152 1.566699 
-0.667446 
1.562453 0.174002 -1.566699 
1.793010 
1.562453 0.174002 -1.218544 
1.201854 
1.562453 0.174002 -0.870388 
-0.041866 
1.562453 0.174002 -0.522233 
-0.779514 
1.562453 0.174002 -0.174078 
-0.349733 
1.562453 0.174002 0.174078 
0.869409 
1.562453 0.174002 0.522233 
1.743703 
1.562453 0.174002 0.870388 
1.472816 
1.562453 0.174002 1.218544 
0.315233 
1.562453 0.174002 1.566699 
-0.678570 
1.562453 0.522156 -1.566699 
1.805337 
1.562453 0.522156 -1.218544 
1.201854 
1.562453 0.522156 -0.870388 
-0.041866 
1.562453 0.522156 -0.522233 
-0.791841 
1.562453 0.522156 -0.174078 
-0.349733 
1.562453 0.522156 0.174078 
0.869409 
1.562453 0.522156 0.522233 
1.756030 
1.562453 0.522156 0.870388 
1.485143 
1.562453 0.522156 1.218544 
0.315233 
1.562453 0.522156 1.566699 
-0.689619 
1.562453 0.870314 -1.566699 
1.817588 
1.562453 0.870314 -1.218544 
1.214181 
1.562453 0.870314 -0.870388 
-0.054192 
1.562453 0.870314 -0.522233 
-0.804167 
1.562453 0.870314 -0.174078 
-0.362059 
1.562453 0.870314 0.174078 
0.869409 
1.562453 0.870314 0.522233 
1.768356 
1.562453 0.870314 0.870388 
1.497470 
1.562453 0.870314 1.218544 
0.302906 
1.562453 0.870314 1.566699 
-0.700743 
1.562453 1.218468 -1.566699 
1.829915 
1.562453 1.218468 -1.218544 
1.214181 
1.562453 1.218468 -0.870388 
-0.054192 
1.562453 1.218468 -0.522233 
-0.816494 
1.562453 1.218468 -0.174078 
-0.374386 
1.562453 1.218468 0.174078 
0.881735 
1.562453 1.218468 0.522233 
1.780683 
1.562453 1.218468 0.870388 
1.497470 
1.562453 1.218468 1.218544 
0.302906 
1.562453 1.218468 1.566699 
-0.711792 
1.562453 1.566622 -1.566699 
1.842242 
1.562453 1.566622 -1.218544 
1.226507 
1.562453 1.566622 -0.870388 
-0.054192 
1.562453 1.566622 -0.522233 
-0.828821 
1.562453 1.566622 -0.174078 
-0.374386 
1.562453 1.566622 0.174078 
0.881735 
1.562453 1.566622 0.522233 
1.793010 
1.562453 1.566622 0.870388 
1.509721 
1.562453 1.566622 1.218544 
0.302906 
1.562453 1.566622 1.566699 
-0.722916 
