hi
settings timebank 10000
settings time_per_move 500
settings player_names player1,player2
settings your_bot player2
settings field_width 10
settings field_height 20
update game round 1
update game this_piece_type Z
update game next_piece_type Z
update game this_piece_position 3,-1
update player2 row_points 0
update player2 combo 0
update player2 skips 0
update player2 field 0,0,0,0,1,1,0,0,0,0;0,0,0,0,0,0,0,0,0,0;0,0,0,0,0,0,0,0,0,0;0,0,0,0,0,0,0,0,0,0;0,0,0,0,0,0,0,0,0,0;0,0,0,0,0,0,0,0,0,0;0,0,0,0,0,0,0,0,0,0;0,0,0,0,0,0,0,0,0,0;0,0,0,0,0,0,0,0,0,0;0,0,0,0,0,0,0,0,0,0;0,0,0,0,0,0,0,0,0,0;0,0,0,0,0,0,0,0,0,0;0,0,0,0,0,0,0,0,0,0;0,0,0,0,0,0,0,0,0,0;0,0,0,0,0,0,0,0,0,0;0,0,0,0,0,0,0,0,0,0;0,0,0,0,0,0,0,0,0,0;0,0,0,0,0,0,0,0,0,0;0,0,0,0,0,0,0,0,0,0;0,0,0,0,0,0,0,0,0,0
update player1 field 0,0,0,0,1,1,0,0,0,0;0,0,0,0,0,0,0,0,0,0;0,0,0,0,0,0,0,0,0,0;0,0,0,0,0,0,0,0,0,0;0,0,0,0,0,0,0,0,0,0;0,0,0,0,0,0,0,0,0,0;0,0,0,0,0,0,0,0,0,0;0,0,0,0,0,0,0,0,0,0;0,0,0,0,0,0,0,0,0,0;0,0,0,0,0,0,0,0,0,0;0,0,0,0,0,0,0,0,0,0;0,0,0,0,0,0,0,0,0,0;0,0,0,0,0,0,0,0,0,0;0,0,0,0,0,0,0,0,0,0;0,0,0,0,0,0,0,0,0,0;0,0,0,0,0,0,0,0,0,0;0,0,0,0,0,0,0,0,0,0;0,0,0,0,0,0,0,0,0,0;0,0,0,0,0,0,0,0,0,0;0,0,0,0,0,0,0,0,0,0
update player1 row_points 0
update player1 combo 0
update player1 skips 0
action moves 10000
moves: right,right,right,drop
update game round 2
update game this_piece_type Z
update game next_piece_type T
update game this_piece_position 3,-1
update player2 row_points 0
update player2 combo 0
update player2 skips 0
update player2 field 0,0,0,0,1,1,0,0,0,0;0,0,0,0,0,0,0,0,0,0;0,0,0,0,0,0,0,0,0,0;0,0,0,0,0,0,0,0,0,0;0,0,0,0,0,0,0,0,0,0;0,0,0,0,0,0,0,0,0,0;0,0,0,0,0,0,0,0,0,0;0,0,0,0,0,0,0,0,0,0;0,0,0,0,0,0,0,0,0,0;0,0,0,0,0,0,0,0,0,0;0,0,0,0,0,0,0,0,0,0;0,0,0,0,0,0,0,0,0,0;0,0,0,0,0,0,0,0,0,0;0,0,0,0,0,0,0,0,0,0;0,0,0,0,0,0,0,0,0,0;0,0,0,0,0,0,0,0,0,0;0,0,0,0,0,0,0,0,0,0;0,0,0,0,0,0,0,0,0,0;0,0,0,0,0,0,2,2,0,0;0,0,0,0,0,0,0,2,2,0
update player1 field 0,0,0,0,1,1,0,0,0,0;0,0,0,0,0,0,0,0,0,0;0,0,0,0,0,0,0,0,0,0;0,0,0,0,0,0,0,0,0,0;0,0,0,0,0,0,0,0,0,0;0,0,0,0,0,0,0,0,0,0;0,0,0,0,0,0,0,0,0,0;0,0,0,0,0,0,0,0,0,0;0,0,0,0,0,0,0,0,0,0;0,0,0,0,0,0,0,0,0,0;0,0,0,0,0,0,0,0,0,0;0,0,0,0,0,0,0,0,0,0;0,0,0,0,0,0,0,0,0,0;0,0,0,0,0,0,0,0,0,0;0,0,0,0,0,0,0,0,0,0;0,0,0,0,0,0,0,0,0,0;0,0,0,0,0,0,0,0,0,0;0,0,0,0,0,0,0,0,0,0;0,2,2,0,0,0,0,0,0,0;0,0,2,2,0,0,0,0,0,0
update player1 row_points 0
update player1 combo 0
update player1 skips 0
action moves 9892
moves: left,left,left,right,drop
update game round 3
update game this_piece_type T
update game next_piece_type S
update game this_piece_position 3,-1
update player2 row_points 0
update player2 combo 0
update player2 skips 0
update player2 field 0,0,0,1,1,1,0,0,0,0;0,0,0,0,0,0,0,0,0,0;0,0,0,0,0,0,0,0,0,0;0,0,0,0,0,0,0,0,0,0;0,0,0,0,0,0,0,0,0,0;0,0,0,0,0,0,0,0,0,0;0,0,0,0,0,0,0,0,0,0;0,0,0,0,0,0,0,0,0,0;0,0,0,0,0,0,0,0,0,0;0,0,0,0,0,0,0,0,0,0;0,0,0,0,0,0,0,0,0,0;0,0,0,0,0,0,0,0,0,0;0,0,0,0,0,0,0,0,0,0;0,0,0,0,0,0,0,0,0,0;0,0,0,0,0,0,0,0,0,0;0,0,0,0,0,0,0,0,0,0;0,0,0,0,0,0,0,0,0,0;0,0,0,0,0,0,0,0,0,0;0,2,2,0,0,0,2,2,0,0;0,0,2,2,0,0,0,2,2,0
update player1 field 0,0,0,1,1,1,0,0,0,0;0,0,0,0,0,0,0,0,0,0;0,0,0,0,0,0,0,0,0,0;0,0,0,0,0,0,0,0,0,0;0,0,0,0,0,0,0,0,0,0;0,0,0,0,0,0,0,0,0,0;0,0,0,0,0,0,0,0,0,0;0,0,0,0,0,0,0,0,0,0;0,0,0,0,0,0,0,0,0,0;0,0,0,0,0,0,0,0,0,0;0,0,0,0,0,0,0,0,0,0;0,0,0,0,0,0,0,0,0,0;0,0,0,0,0,0,0,0,0,0;0,0,0,0,0,0,0,0,0,0;0,0,0,0,0,0,0,0,0,0;0,0,0,0,0,0,0,0,0,0;0,0,0,0,0,0,0,0,0,0;0,0,0,0,0,0,0,0,0,0;0,2,2,0,2,2,0,0,0,0;0,0,2,2,0,2,2,0,0,0
update player1 row_points 0
update player1 combo 0
update player1 skips 0
action moves 9785
moves: left,left,left,right,drop
update game round 4
update game this_piece_type S
update game next_piece_type J
update game this_piece_position 3,-1
update player2 row_points 0
update player2 combo 0
update player2 skips 0
update player2 field 0,0,0,1,1,0,0,0,0,0;0,0,0,0,0,0,0,0,0,0;0,0,0,0,0,0,0,0,0,0;0,0,0,0,0,0,0,0,0,0;0,0,0,0,0,0,0,0,0,0;0,0,0,0,0,0,0,0,0,0;0,0,0,0,0,0,0,0,0,0;0,0,0,0,0,0,0,0,0,0;0,0,0,0,0,0,0,0,0,0;0,0,0,0,0,0,0,0,0,0;0,0,0,0,0,0,0,0,0,0;0,0,0,0,0,0,0,0,0,0;0,0,0,0,0,0,0,0,0,0;0,0,0,0,0,0,0,0,0,0;0,0,0,0,0,0,0,0,0,0;0,0,0,0,0,0,0,0,0,0;0,0,2,0,0,0,0,0,0,0;0,2,2,2,0,0,0,0,0,0;0,2,2,0,0,0,2,2,0,0;0,0,2,2,0,0,0,2,2,0
update player1 field 0,0,0,1,1,0,0,0,0,0;0,0,0,0,0,0,0,0,0,0;0,0,0,0,0,0,0,0,0,0;0,0,0,0,0,0,0,0,0,0;0,0,0,0,0,0,0,0,0,0;0,0,0,0,0,0,0,0,0,0;0,0,0,0,0,0,0,0,0,0;0,0,0,0,0,0,0,0,0,0;0,0,0,0,0,0,0,0,0,0;0,0,0,0,0,0,0,0,0,0;0,0,0,0,0,0,0,0,0,0;0,0,0,0,0,0,0,0,0,0;0,0,0,0,0,0,0,0,0,0;0,0,0,0,0,0,0,0,0,0;0,0,0,0,0,0,0,0,0,0;0,0,0,0,0,0,0,0,0,0;0,0,0,0,2,0,0,0,0,0;0,0,0,2,2,2,0,0,0,0;0,2,2,0,2,2,0,0,0,0;0,0,2,2,0,2,2,0,0,0
update player1 row_points 0
update player1 combo 0
update player1 skips 0
action moves 9679
moves: left,turnleft,right,drop
update game round 5
update game this_piece_type J
update game next_piece_type S
update game this_piece_position 3,-1
update player2 row_points 0
update player2 combo 0
update player2 skips 0
update player2 field 0,0,0,1,1,1,0,0,0,0;0,0,0,0,0,0,0,0,0,0;0,0,0,0,0,0,0,0,0,0;0,0,0,0,0,0,0,0,0,0;0,0,0,0,0,0,0,0,0,0;0,0,0,0,0,0,0,0,0,0;0,0,0,0,0,0,0,0,0,0;0,0,0,0,0,0,0,0,0,0;0,0,0,0,0,0,0,0,0,0;0,0,0,0,0,0,0,0,0,0;0,0,0,0,0,0,0,0,0,0;0,0,0,0,0,0,0,0,0,0;0,0,0,0,0,0,0,0,0,0;0,0,0,0,0,0,0,0,0,0;0,0,0,0,0,0,0,0,0,0;0,0,0,2,0,0,0,0,0,0;0,0,2,2,2,0,0,0,0,0;0,2,2,2,2,0,0,0,0,0;0,2,2,0,0,0,2,2,0,0;0,0,2,2,0,0,0,2,2,0
update player1 field 0,0,0,1,1,1,0,0,0,0;0,0,0,0,0,0,0,0,0,0;0,0,0,0,0,0,0,0,0,0;0,0,0,0,0,0,0,0,0,0;0,0,0,0,0,0,0,0,0,0;0,0,0,0,0,0,0,0,0,0;0,0,0,0,0,0,0,0,0,0;0,0,0,0,0,0,0,0,0,0;0,0,0,0,0,0,0,0,0,0;0,0,0,0,0,0,0,0,0,0;0,0,0,0,0,0,0,0,0,0;0,0,0,0,0,0,0,0,0,0;0,0,0,0,0,0,0,0,0,0;0,0,0,0,0,0,0,0,0,0;0,0,0,0,0,0,0,0,0,0;0,0,0,0,0,0,0,0,0,0;0,0,0,0,2,0,0,0,0,0;0,0,0,2,2,2,0,0,0,0;0,2,2,0,2,2,0,0,2,2;0,0,2,2,0,2,2,2,2,0
update player1 row_points 0
update player1 combo 0
update player1 skips 0
action moves 9572
moves: right,right,right,right,turnleft,right,drop
update game round 6
update game this_piece_type S
update game next_piece_type I
update game this_piece_position 3,-1
update player2 row_points 0
update player2 combo 0
update player2 skips 0
update player2 field 0,0,0,1,1,0,0,0,0,0;0,0,0,0,0,0,0,0,0,0;0,0,0,0,0,0,0,0,0,0;0,0,0,0,0,0,0,0,0,0;0,0,0,0,0,0,0,0,0,0;0,0,0,0,0,0,0,0,0,0;0,0,0,0,0,0,0,0,0,0;0,0,0,0,0,0,0,0,0,0;0,0,0,0,0,0,0,0,0,0;0,0,0,0,0,0,0,0,0,0;0,0,0,0,0,0,0,0,0,0;0,0,0,0,0,0,0,0,0,0;0,0,0,0,0,0,0,0,0,0;0,0,0,0,0,0,0,0,0,0;0,0,0,0,0,0,0,0,0,0;0,0,0,2,0,0,0,0,0,0;0,0,2,2,2,0,0,0,0,2;0,2,2,2,2,0,0,0,0,2;0,2,2,0,0,0,2,2,2,2;0,0,2,2,0,0,0,2,2,0
update player1 field 0,0,0,1,1,0,0,0,0,0;0,0,0,0,0,0,0,0,0,0;0,0,0,0,0,0,0,0,0,0;0,0,0,0,0,0,0,0,0,0;0,0,0,0,0,0,0,0,0,0;0,0,0,0,0,0,0,0,0,0;0,0,0,0,0,0,0,0,0,0;0,0,0,0,0,0,0,0,0,0;0,0,0,0,0,0,0,0,0,0;0,0,0,0,0,0,0,0,0,0;0,0,0,0,0,0,0,0,0,0;0,0,0,0,0,0,0,0,0,0;0,0,0,0,0,0,0,0,0,0;0,0,0,0,0,0,0,0,0,0;0,0,0,0,0,0,0,0,0,0;0,2,0,0,0,0,0,0,0,0;0,2,2,2,2,0,0,0,0,0;0,0,0,2,2,2,0,0,0,0;0,2,2,0,2,2,0,0,2,2;0,0,2,2,0,2,2,2,2,0
update player1 row_points 0
update player1 combo 0
update player1 skips 0
action moves 9464
moves: right,right,right,right,turnleft,left,drop
update game round 7
update game this_piece_type I
update game next_piece_type I
update game this_piece_position 3,-1
update player2 row_points 0
update player2 combo 0
update player2 skips 0
update player2 field 0,0,0,1,1,1,1,0,0,0;0,0,0,0,0,0,0,0,0,0;0,0,0,0,0,0,0,0,0,0;0,0,0,0,0,0,0,0,0,0;0,0,0,0,0,0,0,0,0,0;0,0,0,0,0,0,0,0,0,0;0,0,0,0,0,0,0,0,0,0;0,0,0,0,0,0,0,0,0,0;0,0,0,0,0,0,0,0,0,0;0,0,0,0,0,0,0,0,0,0;0,0,0,0,0,0,0,0,0,0;0,0,0,0,0,0,0,0,0,0;0,0,0,0,0,0,0,0,0,0;0,0,0,0,0,0,0,0,0,0;0,0,0,0,0,0,0,0,0,0;0,0,0,2,0,0,2,0,0,0;0,0,2,2,2,0,2,2,0,2;0,2,2,2,2,0,0,2,0,2;0,2,2,0,0,0,2,2,2,2;0,0,2,2,0,0,0,2,2,0
update player1 field 0,0,0,1,1,1,1,0,0,0;0,0,0,0,0,0,0,0,0,0;0,0,0,0,0,0,0,0,0,0;0,0,0,0,0,0,0,0,0,0;0,0,0,0,0,0,0,0,0,0;0,0,0,0,0,0,0,0,0,0;0,0,0,0,0,0,0,0,0,0;0,0,0,0,0,0,0,0,0,0;0,0,0,0,0,0,0,0,0,0;0,0,0,0,0,0,0,0,0,0;0,0,0,0,0,0,0,0,0,0;0,0,0,0,0,0,0,0,0,0;0,0,0,0,0,0,0,0,0,0;0,0,0,0,0,0,0,0,0,0;0,0,0,0,0,0,0,0,0,0;0,2,0,0,0,0,0,0,0,0;0,2,2,2,2,0,2,0,0,0;0,0,0,2,2,2,2,2,0,0;0,2,2,0,2,2,0,2,2,2;0,0,2,2,0,2,2,2,2,0
update player1 row_points 0
update player1 combo 0
update player1 skips 0
action moves 9357
moves: right,right,right,drop
update game round 8
update game this_piece_type I
update game next_piece_type J
update game this_piece_position 3,-1
update player2 row_points 0
update player2 combo 0
update player2 skips 0
update player2 field 0,0,0,1,1,1,1,0,0,0;0,0,0,0,0,0,0,0,0,0;0,0,0,0,0,0,0,0,0,0;0,0,0,0,0,0,0,0,0,0;0,0,0,0,0,0,0,0,0,0;0,0,0,0,0,0,0,0,0,0;0,0,0,0,0,0,0,0,0,0;0,0,0,0,0,0,0,0,0,0;0,0,0,0,0,0,0,0,0,0;0,0,0,0,0,0,0,0,0,0;0,0,0,0,0,0,0,0,0,0;0,0,0,0,0,0,0,0,0,0;0,0,0,0,0,0,0,0,0,0;0,0,0,0,0,0,0,0,0,0;0,0,0,0,0,0,2,2,2,2;0,0,0,2,0,0,2,0,0,0;0,0,2,2,2,0,2,2,0,2;0,2,2,2,2,0,0,2,0,2;0,2,2,0,0,0,2,2,2,2;0,0,2,2,0,0,0,2,2,0
update player1 field 0,0,0,1,1,1,1,0,0,0;0,0,0,0,0,0,0,0,0,0;0,0,0,0,0,0,0,0,0,0;0,0,0,0,0,0,0,0,0,0;0,0,0,0,0,0,0,0,0,0;0,0,0,0,0,0,0,0,0,0;0,0,0,0,0,0,0,0,0,0;0,0,0,0,0,0,0,0,0,0;0,0,0,0,0,0,0,0,0,0;0,0,0,0,0,0,0,0,0,0;0,0,0,0,0,0,0,0,0,0;0,0,0,0,0,0,0,0,0,0;0,0,0,0,0,0,0,0,0,0;0,0,0,0,0,0,0,0,0,0;0,0,0,0,0,0,0,0,2,0;0,2,0,0,0,0,0,0,2,0;0,2,2,2,2,0,2,0,2,0;0,0,0,2,2,2,2,2,2,0;0,2,2,0,2,2,0,2,2,2;0,0,2,2,0,2,2,2,2,0
update player1 row_points 0
update player1 combo 0
update player1 skips 0
action moves 9251
moves: left,left,left,turnleft,left,drop
update game round 9
update game this_piece_type J
update game next_piece_type Z
update game this_piece_position 3,-1
update player2 row_points 0
update player2 combo 0
update player2 skips 0
update player2 field 0,0,0,1,1,1,0,0,0,0;0,0,0,0,0,0,0,0,0,0;0,0,0,0,0,0,0,0,0,0;0,0,0,0,0,0,0,0,0,0;0,0,0,0,0,0,0,0,0,0;0,0,0,0,0,0,0,0,0,0;0,0,0,0,0,0,0,0,0,0;0,0,0,0,0,0,0,0,0,0;0,0,0,0,0,0,0,0,0,0;0,0,0,0,0,0,0,0,0,0;0,0,0,0,0,0,0,0,0,0;0,0,0,0,0,0,0,0,0,0;0,0,0,0,0,0,0,0,0,0;0,0,0,0,0,0,0,0,0,0;0,0,0,0,0,0,2,2,2,2;0,0,0,2,0,0,2,0,0,0;2,0,2,2,2,0,2,2,0,2;2,2,2,2,2,0,0,2,0,2;2,2,2,0,0,0,2,2,2,2;2,0,2,2,0,0,0,2,2,0
update player1 field 0,0,0,1,1,1,0,0,0,0;0,0,0,0,0,0,0,0,0,0;0,0,0,0,0,0,0,0,0,0;0,0,0,0,0,0,0,0,0,0;0,0,0,0,0,0,0,0,0,0;0,0,0,0,0,0,0,0,0,0;0,0,0,0,0,0,0,0,0,0;0,0,0,0,0,0,0,0,0,0;0,0,0,0,0,0,0,0,0,0;0,0,0,0,0,0,0,0,0,0;0,0,0,0,0,0,0,0,0,0;0,0,0,0,0,0,0,0,0,0;0,0,0,0,0,0,0,0,0,0;0,0,0,0,0,0,0,0,0,0;0,0,0,0,0,0,0,0,2,0;0,2,0,0,0,0,0,0,2,0;2,2,2,2,2,0,2,0,2,0;2,0,0,2,2,2,2,2,2,0;2,2,2,0,2,2,0,2,2,2;2,0,2,2,0,2,2,2,2,0
update player1 row_points 0
update player1 combo 0
update player1 skips 0
action moves 9144
moves: left,left,left,turnleft,left,drop
update game round 10
update game this_piece_type Z
update game next_piece_type I
update game this_piece_position 3,-1
update player2 row_points 0
update player2 combo 0
update player2 skips 0
update player2 field 0,0,0,0,1,1,0,0,0,0;0,0,0,0,0,0,0,0,0,0;0,0,0,0,0,0,0,0,0,0;0,0,0,0,0,0,0,0,0,0;0,0,0,0,0,0,0,0,0,0;0,0,0,0,0,0,0,0,0,0;0,0,0,0,0,0,0,0,0,0;0,0,0,0,0,0,0,0,0,0;0,0,0,0,0,0,0,0,0,0;0,0,0,0,0,0,0,0,0,0;0,0,0,0,0,0,0,0,0,0;0,0,0,0,0,0,0,0,0,0;0,0,0,0,0,0,0,0,0,0;0,2,0,0,0,0,0,0,0,0;0,2,0,0,0,0,2,2,2,2;2,2,0,2,0,0,2,0,0,0;2,0,2,2,2,0,2,2,0,2;2,2,2,2,2,0,0,2,0,2;2,2,2,0,0,0,2,2,2,2;2,0,2,2,0,0,0,2,2,0
update player1 field 0,0,0,0,1,1,0,0,0,0;0,0,0,0,0,0,0,0,0,0;0,0,0,0,0,0,0,0,0,0;0,0,0,0,0,0,0,0,0,0;0,0,0,0,0,0,0,0,0,0;0,0,0,0,0,0,0,0,0,0;0,0,0,0,0,0,0,0,0,0;0,0,0,0,0,0,0,0,0,0;0,0,0,0,0,0,0,0,0,0;0,0,0,0,0,0,0,0,0,0;0,0,0,0,0,0,0,0,0,0;0,0,0,0,0,0,0,0,0,0;0,2,0,0,0,0,0,0,0,0;0,2,0,0,0,0,0,0,0,0;2,2,0,0,0,0,0,0,2,0;0,2,0,0,0,0,0,0,2,0;2,2,2,2,2,0,2,0,2,0;2,0,0,2,2,2,2,2,2,0;2,2,2,0,2,2,0,2,2,2;2,0,2,2,0,2,2,2,2,0
update player1 row_points 0
update player1 combo 0
update player1 skips 0
action moves 9035
moves: left,left,left,turnright,drop
update game round 11
update game this_piece_type I
update game next_piece_type O
update game this_piece_position 3,-1
update player2 row_points 0
update player2 combo 0
update player2 skips 0
update player2 field 0,0,0,1,1,1,1,0,0,0;0,0,0,0,0,0,0,0,0,0;0,0,0,0,0,0,0,0,0,0;0,0,0,0,0,0,0,0,0,0;0,0,0,0,0,0,0,0,0,0;0,0,0,0,0,0,0,0,0,0;0,0,0,0,0,0,0,0,0,0;0,0,0,0,0,0,0,0,0,0;0,0,0,0,0,0,0,0,0,0;0,0,0,0,0,0,0,0,0,0;0,0,2,0,0,0,0,0,0,0;0,2,2,0,0,0,0,0,0,0;0,2,0,0,0,0,0,0,0,0;0,2,0,0,0,0,0,0,0,0;0,2,0,0,0,0,2,2,2,2;2,2,0,2,0,0,2,0,0,0;2,0,2,2,2,0,2,2,0,2;2,2,2,2,2,0,0,2,0,2;2,2,2,0,0,0,2,2,2,2;2,0,2,2,0,0,0,2,2,0
update player1 field 0,0,0,1,1,1,1,0,0,0;0,0,0,0,0,0,0,0,0,0;0,0,0,0,0,0,0,0,0,0;0,0,0,0,0,0,0,0,0,0;0,0,0,0,0,0,0,0,0,0;0,0,0,0,0,0,0,0,0,0;0,0,0,0,0,0,0,0,0,0;0,0,0,0,0,0,0,0,0,0;0,0,0,0,0,0,0,0,0,0;0,0,0,0,0,0,0,0,0,0;0,0,0,0,0,0,0,0,0,0;0,0,0,0,0,0,0,0,0,0;0,2,0,0,0,0,0,0,0,0;0,2,0,0,0,0,0,0,0,0;2,2,2,2,0,0,0,0,2,0;0,2,0,2,2,0,0,0,2,0;2,2,2,2,2,0,2,0,2,0;2,0,0,2,2,2,2,2,2,0;2,2,2,0,2,2,0,2,2,2;2,0,2,2,0,2,2,2,2,0
update player1 row_points 0
update player1 combo 0
update player1 skips 0
action moves 8927
moves: left,left,left,turnright,right,drop
update game round 12
update game this_piece_type O
update game next_piece_type O
update game this_piece_position 4,-1
update player2 row_points 0
update player2 combo 0
update player2 skips 0
update player2 field 0,0,0,0,1,1,0,0,0,0;0,0,0,0,0,0,0,0,0,0;0,0,0,0,0,0,0,0,0,0;0,0,0,0,0,0,0,0,0,0;0,0,0,0,0,0,0,0,0,0;0,0,0,0,0,0,0,0,0,0;0,0,0,0,0,0,0,0,0,0;0,0,0,0,0,0,0,0,0,0;0,0,0,0,0,0,0,0,0,0;0,0,0,0,0,0,0,0,0,0;0,0,2,0,0,0,0,0,0,0;0,2,2,2,0,0,0,0,0,0;0,2,0,2,0,0,0,0,0,0;0,2,0,2,0,0,0,0,0,0;0,2,0,2,0,0,2,2,2,2;2,2,0,2,0,0,2,0,0,0;2,0,2,2,2,0,2,2,0,2;2,2,2,2,2,0,0,2,0,2;2,2,2,0,0,0,2,2,2,2;2,0,2,2,0,0,0,2,2,0
update player1 field 0,0,0,0,1,1,0,0,0,0;0,0,0,0,0,0,0,0,0,0;0,0,0,0,0,0,0,0,0,0;0,0,0,0,0,0,0,0,0,0;0,0,0,0,0,0,0,0,0,0;0,0,0,0,0,0,0,0,0,0;0,0,0,0,0,0,0,0,0,0;0,0,0,0,0,0,0,0,0,0;0,0,0,0,0,0,0,0,0,0;0,0,0,0,0,0,0,0,0,0;0,0,0,0,0,0,0,0,0,0;0,0,0,0,0,0,0,0,0,0;0,2,0,0,0,0,2,0,0,0;0,2,0,0,0,0,2,0,0,0;2,2,2,2,0,0,2,0,2,0;0,2,0,2,2,0,2,0,2,0;2,2,2,2,2,0,2,0,2,0;2,0,0,2,2,2,2,2,2,0;2,2,2,0,2,2,0,2,2,2;2,0,2,2,0,2,2,2,2,0
update player1 row_points 0
update player1 combo 0
update player1 skips 0
action moves 8820
moves: turnleft,right,drop
update game round 13
update game this_piece_type O
update game next_piece_type O
update game this_piece_position 4,-1
update player2 row_points 0
update player2 combo 0
update player2 skips 0
update player2 field 0,0,0,0,1,1,0,0,0,0;0,0,0,0,0,0,0,0,0,0;0,0,0,0,0,0,0,0,0,0;0,0,0,0,0,0,0,0,0,0;0,0,0,0,0,0,0,0,0,0;0,0,0,0,0,0,0,0,0,0;0,0,0,0,0,0,0,0,0,0;0,0,0,0,0,0,0,0,0,0;0,0,0,0,0,0,0,0,0,0;0,0,0,0,0,0,0,0,0,0;0,0,2,0,0,0,0,0,0,0;0,2,2,2,0,0,0,0,0,0;0,2,0,2,0,2,2,0,0,0;0,2,0,2,0,2,2,0,0,0;0,2,0,2,0,0,2,2,2,2;2,2,0,2,0,0,2,0,0,0;2,0,2,2,2,0,2,2,0,2;2,2,2,2,2,0,0,2,0,2;2,2,2,0,0,0,2,2,2,2;2,0,2,2,0,0,0,2,2,0
update player1 field 0,0,0,0,1,1,0,0,0,0;0,0,0,0,0,0,0,0,0,0;0,0,0,0,0,0,0,0,0,0;0,0,0,0,0,0,0,0,0,0;0,0,0,0,0,0,0,0,0,0;0,0,0,0,0,0,0,0,0,0;0,0,0,0,0,0,0,0,0,0;0,0,0,0,0,0,0,0,0,0;0,0,0,0,0,0,0,0,0,0;0,0,0,0,0,0,0,0,0,0;0,0,0,0,0,0,0,0,0,0;0,0,0,0,0,0,0,0,0,0;0,2,0,0,0,0,2,0,2,2;0,2,0,0,0,0,2,0,2,2;2,2,2,2,0,0,2,0,2,0;0,2,0,2,2,0,2,0,2,0;2,2,2,2,2,0,2,0,2,0;2,0,0,2,2,2,2,2,2,0;2,2,2,0,2,2,0,2,2,2;2,0,2,2,0,2,2,2,2,0
update player1 row_points 0
update player1 combo 0
update player1 skips 0
action moves 8712
moves: right,right,right,right,drop
update game round 14
update game this_piece_type O
update game next_piece_type L
update game this_piece_position 4,-1
update player2 row_points 0
update player2 combo 0
update player2 skips 0
update player2 field 0,0,0,0,1,1,0,0,0,0;0,0,0,0,0,0,0,0,0,0;0,0,0,0,0,0,0,0,0,0;0,0,0,0,0,0,0,0,0,0;0,0,0,0,0,0,0,0,0,0;0,0,0,0,0,0,0,0,0,0;0,0,0,0,0,0,0,0,0,0;0,0,0,0,0,0,0,0,0,0;0,0,0,0,0,0,0,0,0,0;0,0,0,0,0,0,0,0,0,0;0,0,2,0,0,0,0,0,0,0;0,2,2,2,0,0,0,0,0,0;0,2,0,2,0,2,2,0,2,2;0,2,0,2,0,2,2,0,2,2;0,2,0,2,0,0,2,2,2,2;2,2,0,2,0,0,2,0,0,0;2,0,2,2,2,0,2,2,0,2;2,2,2,2,2,0,0,2,0,2;2,2,2,0,0,0,2,2,2,2;2,0,2,2,0,0,0,2,2,0
update player1 field 0,0,0,0,1,1,0,0,0,0;0,0,0,0,0,0,0,0,0,0;0,0,0,0,0,0,0,0,0,0;0,0,0,0,0,0,0,0,0,0;0,0,0,0,0,0,0,0,0,0;0,0,0,0,0,0,0,0,0,0;0,0,0,0,0,0,0,0,0,0;0,0,0,0,0,0,0,0,0,0;0,0,0,0,0,0,0,0,0,0;0,0,0,0,0,0,0,0,0,0;0,0,0,0,0,0,0,0,0,0;0,0,0,0,0,0,0,0,0,0;0,2,2,2,0,0,2,0,2,2;0,2,2,2,0,0,2,0,2,2;2,2,2,2,0,0,2,0,2,0;0,2,0,2,2,0,2,0,2,0;2,2,2,2,2,0,2,0,2,0;2,0,0,2,2,2,2,2,2,0;2,2,2,0,2,2,0,2,2,2;2,0,2,2,0,2,2,2,2,0
update player1 row_points 0
update player1 combo 0
update player1 skips 0
action moves 8606
moves: right,right,turnleft,left,drop
update game round 15
update game this_piece_type L
update game next_piece_type T
update game this_piece_position 3,-1
update player2 row_points 0
update player2 combo 0
update player2 skips 0
update player2 field 0,0,0,1,1,1,0,0,0,0;0,0,0,0,0,0,0,0,0,0;0,0,0,0,0,0,0,0,0,0;0,0,0,0,0,0,0,0,0,0;0,0,0,0,0,0,0,0,0,0;0,0,0,0,0,0,0,0,0,0;0,0,0,0,0,0,0,0,0,0;0,0,0,0,0,0,0,0,0,0;0,0,0,0,0,0,0,0,0,0;0,0,0,0,0,0,0,0,0,0;0,0,2,0,0,2,2,0,0,0;0,2,2,2,0,2,2,0,0,0;0,2,0,2,0,2,2,0,2,2;0,2,0,2,0,2,2,0,2,2;0,2,0,2,0,0,2,2,2,2;2,2,0,2,0,0,2,0,0,0;2,0,2,2,2,0,2,2,0,2;2,2,2,2,2,0,0,2,0,2;2,2,2,0,0,0,2,2,2,2;2,0,2,2,0,0,0,2,2,0
update player1 field 0,0,0,1,1,1,0,0,0,0;0,0,0,0,0,0,0,0,0,0;0,0,0,0,0,0,0,0,0,0;0,0,0,0,0,0,0,0,0,0;0,0,0,0,0,0,0,0,0,0;0,0,0,0,0,0,0,0,0,0;0,0,0,0,0,0,0,0,0,0;0,0,0,0,0,0,0,0,0,0;0,0,0,0,0,0,0,0,0,0;0,0,0,0,0,0,0,0,0,0;0,0,2,2,0,0,0,0,0,0;0,0,2,2,0,0,0,0,0,0;0,2,2,2,0,0,2,0,2,2;0,2,2,2,0,0,2,0,2,2;2,2,2,2,0,0,2,0,2,0;0,2,0,2,2,0,2,0,2,0;2,2,2,2,2,0,2,0,2,0;2,0,0,2,2,2,2,2,2,0;2,2,2,0,2,2,0,2,2,2;2,0,2,2,0,2,2,2,2,0
update player1 row_points 0
update player1 combo 0
update player1 skips 0
action moves 8500
moves: right,right,right,right,turnleft,drop
update game round 16
update game this_piece_type T
update game next_piece_type J
update game this_piece_position 3,-1
update player2 row_points 0
update player2 combo 0
update player2 skips 0
update player2 field 0,0,0,1,1,1,0,0,0,0;0,0,0,0,0,0,0,0,0,0;0,0,0,0,0,0,0,0,0,0;0,0,0,0,0,0,0,0,0,0;0,0,0,0,0,0,0,0,0,0;0,0,0,0,0,0,0,0,0,0;0,0,0,0,0,0,0,0,0,0;0,0,0,0,0,0,0,0,0,0;0,0,0,0,0,0,0,2,2,0;0,0,2,0,0,2,2,0,2,0;0,2,2,2,0,2,2,0,2,0;0,2,0,2,0,2,2,0,2,2;0,2,0,2,0,2,2,0,2,2;0,2,0,2,0,0,2,2,2,2;2,2,0,2,0,0,2,0,0,0;2,0,2,2,2,0,2,2,0,2;2,2,2,2,2,0,0,2,0,2;2,2,2,0,0,0,2,2,2,2;2,0,2,2,0,0,0,2,2,0;3,3,3,3,3,3,3,3,3,3
update player1 field 0,0,0,1,1,1,0,0,0,0;0,0,0,0,0,0,0,0,0,0;0,0,0,0,0,0,0,0,0,0;0,0,0,0,0,0,0,0,0,0;0,0,0,0,0,0,0,0,0,0;0,0,0,0,0,0,0,0,0,0;0,0,0,0,0,0,0,0,0,0;0,0,0,0,0,0,0,0,0,0;0,0,0,0,0,0,0,0,0,0;0,0,2,2,0,0,0,0,0,0;0,0,2,2,0,0,0,0,0,0;0,2,2,2,2,0,2,0,2,2;0,2,2,2,2,0,2,0,2,2;2,2,2,2,2,2,2,0,2,0;0,2,0,2,2,0,2,0,2,0;2,2,2,2,2,0,2,0,2,0;2,0,0,2,2,2,2,2,2,0;2,2,2,0,2,2,0,2,2,2;2,0,2,2,0,2,2,2,2,0;3,3,3,3,3,3,3,3,3,3
update player1 row_points 0
update player1 combo 0
update player1 skips 0
action moves 8391
moves: right,right,right,right,drop
update game round 17
update game this_piece_type J
update game next_piece_type S
update game this_piece_position 3,-1
update player2 row_points 0
update player2 combo 0
update player2 skips 0
update player2 field 0,0,0,1,1,1,0,0,0,0;0,0,0,0,0,0,0,0,0,0;0,0,0,0,0,0,0,0,0,0;0,0,0,0,0,0,0,0,0,0;0,0,0,0,0,0,0,0,0,0;0,0,0,0,0,0,0,0,0,0;0,0,0,0,0,0,0,0,2,0;0,0,0,0,0,0,0,2,2,2;0,0,0,0,0,0,0,2,2,0;0,0,2,0,0,2,2,0,2,0;0,2,2,2,0,2,2,0,2,0;0,2,0,2,0,2,2,0,2,2;0,2,0,2,0,2,2,0,2,2;0,2,0,2,0,0,2,2,2,2;2,2,0,2,0,0,2,0,0,0;2,0,2,2,2,0,2,2,0,2;2,2,2,2,2,0,0,2,0,2;2,2,2,0,0,0,2,2,2,2;2,0,2,2,0,0,0,2,2,0;3,3,3,3,3,3,3,3,3,3
update player1 field 0,0,0,1,1,1,0,0,0,0;0,0,0,0,0,0,0,0,0,0;0,0,0,0,0,0,0,0,0,0;0,0,0,0,0,0,0,0,0,0;0,0,0,0,0,0,0,0,0,0;0,0,0,0,0,0,0,0,0,0;0,0,0,0,0,0,0,0,0,0;0,0,0,0,0,0,0,0,0,0;0,0,0,0,0,0,0,0,0,0;0,0,2,2,0,2,0,0,0,0;0,0,2,2,2,2,0,0,0,0;0,2,2,2,2,2,2,0,2,2;0,2,2,2,2,0,2,0,2,2;2,2,2,2,2,2,2,0,2,0;0,2,0,2,2,0,2,0,2,0;2,2,2,2,2,0,2,0,2,0;2,0,0,2,2,2,2,2,2,0;2,2,2,0,2,2,0,2,2,2;2,0,2,2,0,2,2,2,2,0;3,3,3,3,3,3,3,3,3,3
update player1 row_points 0
update player1 combo 0
update player1 skips 0
action moves 8285
moves: left,left,left,turnright,left,drop
update game round 18
update game this_piece_type S
update game next_piece_type L
update game this_piece_position 3,-1
update player2 row_points 0
update player2 combo 0
update player2 skips 0
update player2 field 0,0,0,1,1,0,0,0,0,0;0,0,0,0,0,0,0,0,0,0;0,0,0,0,0,0,0,0,0,0;0,0,0,0,0,0,0,0,0,0;0,0,0,0,0,0,0,0,0,0;0,0,0,0,0,0,0,0,0,0;0,0,0,0,0,0,0,0,2,0;0,0,0,0,0,0,0,2,2,2;0,0,0,0,0,0,0,2,2,0;2,2,2,0,0,2,2,0,2,0;2,2,2,2,0,2,2,0,2,0;2,2,0,2,0,2,2,0,2,2;0,2,0,2,0,2,2,0,2,2;0,2,0,2,0,0,2,2,2,2;2,2,0,2,0,0,2,0,0,0;2,0,2,2,2,0,2,2,0,2;2,2,2,2,2,0,0,2,0,2;2,2,2,0,0,0,2,2,2,2;2,0,2,2,0,0,0,2,2,0;3,3,3,3,3,3,3,3,3,3
update player1 field 0,0,0,1,1,0,0,0,0,0;0,0,0,0,0,0,0,0,0,0;0,0,0,0,0,0,0,0,0,0;0,0,0,0,0,0,0,0,0,0;0,0,0,0,0,0,0,0,0,0;0,0,0,0,0,0,0,0,0,0;0,0,0,0,0,0,0,0,0,0;0,0,0,0,0,0,0,0,0,0;0,0,0,0,0,0,0,0,0,0;0,0,2,2,0,2,0,0,0,0;2,2,2,2,2,2,0,0,0,0;2,2,2,2,2,2,2,0,2,2;2,2,2,2,2,0,2,0,2,2;2,2,2,2,2,2,2,0,2,0;0,2,0,2,2,0,2,0,2,0;2,2,2,2,2,0,2,0,2,0;2,0,0,2,2,2,2,2,2,0;2,2,2,0,2,2,0,2,2,2;2,0,2,2,0,2,2,2,2,0;3,3,3,3,3,3,3,3,3,3
update player1 row_points 0
update player1 combo 0
update player1 skips 0
action moves 8180
moves: right,right,turnright,drop
update game round 19
update game this_piece_type L
update game next_piece_type J
update game this_piece_position 3,-1
update player2 row_points 0
update player2 combo 0
update player2 skips 0
update player2 field 0,0,0,1,1,1,0,0,0,0;0,0,0,0,0,0,0,0,0,0;0,0,0,0,0,0,0,0,0,0;0,0,0,0,0,0,0,0,0,0;0,0,0,0,0,0,2,0,0,0;0,0,0,0,0,0,2,2,0,0;0,0,0,0,0,0,0,2,2,0;0,0,0,0,0,0,0,2,2,2;0,0,0,0,0,0,0,2,2,0;2,2,2,0,0,2,2,0,2,0;2,2,2,2,0,2,2,0,2,0;2,2,0,2,0,2,2,0,2,2;0,2,0,2,0,2,2,0,2,2;0,2,0,2,0,0,2,2,2,2;2,2,0,2,0,0,2,0,0,0;2,0,2,2,2,0,2,2,0,2;2,2,2,2,2,0,0,2,0,2;2,2,2,0,0,0,2,2,2,2;2,0,2,2,0,0,0,2,2,0;3,3,3,3,3,3,3,3,3,3
update player1 field 0,0,0,1,1,1,0,0,0,0;0,0,0,0,0,0,0,0,0,0;0,0,0,0,0,0,0,0,0,0;0,0,0,0,0,0,0,0,0,0;0,0,0,0,0,0,0,0,0,0;0,0,0,0,0,0,0,0,0,0;0,0,0,0,0,0,0,0,0,0;2,0,0,0,0,0,0,0,0,0;2,2,0,0,0,0,0,0,0,0;0,2,2,2,0,2,0,0,0,0;2,2,2,2,2,2,0,0,0,0;2,2,2,2,2,2,2,0,2,2;2,2,2,2,2,0,2,0,2,2;2,2,2,2,2,2,2,0,2,0;0,2,0,2,2,0,2,0,2,0;2,2,2,2,2,0,2,0,2,0;2,0,0,2,2,2,2,2,2,0;2,2,2,0,2,2,0,2,2,2;2,0,2,2,0,2,2,2,2,0;3,3,3,3,3,3,3,3,3,3
update player1 row_points 0
update player1 combo 0
update player1 skips 0
action moves 8074
moves: left,left,turnleft,right,drop
update game round 20
update game this_piece_type J
update game next_piece_type T
update game this_piece_position 3,-1
update player2 row_points 0
update player2 combo 0
update player2 skips 0
update player2 field 0,0,0,1,1,1,0,0,0,0;0,0,0,0,0,0,0,0,0,0;0,0,0,0,0,0,0,0,0,0;0,0,0,0,0,0,0,0,0,0;0,0,0,0,0,0,2,0,0,0;0,0,0,0,0,0,2,2,0,0;0,0,0,0,0,0,0,2,2,0;0,0,2,2,0,0,0,2,2,2;0,0,0,2,0,0,0,2,2,0;2,2,2,2,0,2,2,0,2,0;2,2,2,2,0,2,2,0,2,0;2,2,0,2,0,2,2,0,2,2;0,2,0,2,0,2,2,0,2,2;0,2,0,2,0,0,2,2,2,2;2,2,0,2,0,0,2,0,0,0;2,0,2,2,2,0,2,2,0,2;2,2,2,2,2,0,0,2,0,2;2,2,2,0,0,0,2,2,2,2;2,0,2,2,0,0,0,2,2,0;3,3,3,3,3,3,3,3,3,3
update player1 field 0,0,0,1,1,1,0,0,0,0;0,0,0,0,0,0,0,0,0,0;0,0,0,0,0,0,0,0,0,0;0,0,0,0,0,0,0,0,0,0;0,0,0,0,0,0,0,0,0,0;0,0,0,0,0,0,0,0,0,0;0,0,0,0,0,0,0,0,0,0;0,0,0,0,0,0,0,0,0,0;2,0,0,0,0,0,0,0,0,0;2,2,0,0,0,0,0,0,0,0;0,2,2,2,0,2,0,0,0,0;2,2,2,2,2,2,2,2,0,0;2,2,2,2,2,0,2,2,2,2;2,2,2,2,2,2,2,0,2,0;0,2,0,2,2,0,2,0,2,0;2,2,2,2,2,0,2,0,2,0;2,0,0,2,2,2,2,2,2,0;2,2,2,0,2,2,0,2,2,2;2,0,2,2,0,2,2,2,2,0;3,3,3,3,3,3,3,3,3,3
update player1 row_points 0
update player1 combo 0
update player1 skips 0
action moves 7959
moves: right,turnleft,right,drop
update game round 21
update game this_piece_type T
update game next_piece_type J
update game this_piece_position 3,-1
update player2 row_points 0
update player2 combo 0
update player2 skips 0
update player2 field 0,0,0,1,1,1,0,0,0,0;0,0,0,0,0,0,2,0,0,0;0,0,0,0,0,0,2,0,0,0;0,0,0,0,0,2,2,0,0,0;0,0,0,0,0,0,2,0,0,0;0,0,0,0,0,0,2,2,0,0;0,0,0,0,0,0,0,2,2,0;0,0,2,2,0,0,0,2,2,2;0,0,0,2,0,0,0,2,2,0;2,2,2,2,0,2,2,0,2,0;2,2,2,2,0,2,2,0,2,0;2,2,0,2,0,2,2,0,2,2;0,2,0,2,0,2,2,0,2,2;0,2,0,2,0,0,2,2,2,2;2,2,0,2,0,0,2,0,0,0;2,0,2,2,2,0,2,2,0,2;2,2,2,2,2,0,0,2,0,2;2,2,2,0,0,0,2,2,2,2;2,0,2,2,0,0,0,2,2,0;3,3,3,3,3,3,3,3,3,3
update player1 field 0,0,0,1,1,1,0,0,0,0;0,0,0,0,0,0,0,0,0,0;0,0,0,0,0,0,0,0,0,0;0,0,0,0,0,0,0,0,0,0;0,0,0,0,0,0,0,0,0,0;0,0,0,0,0,0,0,0,0,0;0,0,0,0,0,0,0,0,0,0;0,0,0,0,0,0,0,0,0,0;2,0,0,0,0,0,0,2,0,0;2,2,0,0,0,0,0,2,0,0;0,2,2,2,0,2,2,2,0,0;2,2,2,2,2,2,2,2,0,0;2,2,2,2,2,0,2,2,2,2;2,2,2,2,2,2,2,0,2,0;0,2,0,2,2,0,2,0,2,0;2,2,2,2,2,0,2,0,2,0;2,0,0,2,2,2,2,2,2,0;2,2,2,0,2,2,0,2,2,2;2,0,2,2,0,2,2,2,2,0;3,3,3,3,3,3,3,3,3,3
update player1 row_points 0
update player1 combo 0
update player1 skips 0
action moves 7853
moves: right,turnleft,right,drop
result lost
