100 -0.4070000 0.98500000 29.65 99.25
400 0.01900000 0.98700000 50.95 99.35
500 0.21300000 0.99100000 60.65 99.55
750 0.10300000 0.98100000 55.15 99.05
1000 0.04500000 0.98700000 52.25 99.35
2000 0.43500000 0.99500000 71.75 99.75
3000 -0.9890000 -0.5870000 0.55 20.65
4000 -0.9930000 -0.5170000 0.35 24.15
5000 -0.9870000 -0.5350000 0.650000000000001 23.25
6000 -0.9830000 -0.9850000 0.850000000000001 0.750000000000001
7000 -0.9790000 -0.7130000 1.05 14.35
8000 0.47300000 0.99100000 73.65 99.55
9000 0.34300000 0.98700000 67.15 99.35
10000 -0.9770000 -0.9710000 1.15 1.45
